[(),
 (1,2,5,4)(7,9,10,8)(11,12,15,14)(16,18,19,17)(21,24,23,25)(26,30,27,28),
 (1,5,4,3,2)(6,7,8,9,10)(11,13,15,12,14)(16,19,17,20,18)(21,25,24,23,22),
 (1,3,4,2)(6,16)(7,18,10,19)(8,20,9,17)(12,13,15,14)(21,26)(22,28,25,29)(23,30,24,27),
 (1,3,4,2)(6,7,10,9)(11,12,15,14)(16,17,20,19)(21,22,25,24)(26,27,30,29),
 (1,5,2,3)(6,18)(7,20,10,16)(8,17,9,19)(11,15,13,14)(21,29,22,26)(23,28,25,27)(24,30),
 (1,3,5,2,4)(6,18,10,19,9,20,8,16,7,17)(11,15)(12,14)(21,29,23,27,25,30,22,28,24,26),
 (1,3,4,2)(7,9,10,8)(12,14,15,13)(17,19,20,18)(22,24,25,23)(27,29,30,28),
 (1,3,5,2,4)(6,16,10,17,9,18,8,19,7,20)(11,13)(14,15)(21,27,23,30,25,28,22,26,24,29),
 (1,2,5,4)(6,8,9,7)(11,14,13,15)(16,20,17,18)(22,24,25,23)(26,27,30,29),
 (1,3)(4,5)(6,16,9,19,7,17,10,20,8,18)(11,15,14,13,12)(21,28,24,26,22,29,25,27,23,30),
 (2,3,5,4)(6,18,7,16)(8,19,10,20)(9,17)(11,12,15,14)(21,30)(22,28,25,27)(23,26,24,29),
 (1,2,5,4)(6,20)(7,17,10,18)(8,19,9,16)(11,14,15,12)(21,27,23,26)(22,29)(24,28,25,30),
 (1,3,4,2)(6,10,7,8)(11,15,12,13)(16,20,17,18)(21,25,22,23)(26,30,27,28),
 (1,5,3,4)(6,8,7,10)(11,15,13,14)(16,17,19,18)(21,24,25,22)(27,28,30,29),
 (1,4,5,2)(6,8,7,10)(12,13,15,14)(16,19,20,17)(21,22,24,23)(26,30,28,29),
 (1,2)(3,5)(6,19,8,16,10,18,7,20,9,17)(11,12,13,14,15)(21,28,23,30,25,27,22,29,24,26),
 (1,5,4,3,2)(6,17,9,19,7,16,10,18,8,20)(12,15)(13,14)(21,29,25,30,24,26,23,27,22,28),
 (1,4,2,5,3)(6,17,7,16,8,20,9,19,10,18)(11,15)(12,14)(21,26,24,28,22,30,25,27,23,29),
 (1,5,2,3)(6,7,10,9)(11,15,12,13)(16,18,19,17)(22,24,25,23)(26,29,28,30),
 (1,4,2,5,3)(6,7,8,9,10)(11,14,12,15,13)(21,23,25,22,24)(26,30,29,28,27),
 (1,3,2,5)(7,8,10,9)(11,15,13,14)(16,19,20,17)(21,23,22,25)(26,27,29,28),
 (1,3,4,2)(6,20,8,19)(7,17)(9,16,10,18)(11,15,13,14)(21,30,23,29)(22,27)(24,26,25,28),
 (1,4,3,5)(6,18,9,19)(7,20,8,17)(10,16)(11,14,15,12)(21,26,22,28)(23,30,25,29)(24,27),
 (1,4)(2,3)(6,8)(9,10)(11,13)(14,15)(16,18)(19,20)(21,23)(24,25)(26,28)(29,30),
 (1,5,4,3,2)(6,9,7,10,8)(11,15,14,13,12)(21,22,23,24,25)(26,28,30,27,29),
 (2,4,5,3)(6,17,10,20)(7,19,9,18)(8,16)(11,15,13,14)(21,26,24,27)(22,28,23,30)(25,29),
 (1,5)(2,4)(7,10)(8,9)(11,15)(12,14)(16,19)(17,18)(21,23)(24,25)(26,27)(28,30),
 (1,3,2,5)(6,8,7,10)(11,12,14,13)(17,18,20,19)(21,25,23,24)(26,29,30,27),
 (1,5)(2,4)(6,18,7,19,8,20,9,16,10,17)(11,14,12,15,13)(21,26,22,27,23,28,24,29,25,30),
 (1,2,3,4,5)(11,15,14,13,12)(16,19,17,20,18)(21,23,25,22,24)(26,27,28,29,30),
 (1,3,2,5)(6,19,10,16)(7,17,9,18)(8,20)(11,15,12,13)(21,27)(22,30,25,29)(23,28,24,26),
 (2,3,5,4)(6,16,9,20)(7,19,8,17)(10,18)(11,15,12,13)(21,28,23,29)(22,26)(24,27,25,30),
 (1,3,2,5)(6,20,9,19)(7,18,8,16)(10,17)(12,14,15,13)(21,28,25,30)(22,26,24,27)(23,29),
 (1,5,4,3,2)(6,18,9,20,7,17,10,19,8,16)(11,12)(13,15)(21,30,25,26,24,27,23,28,22,29),
 (1,4,3,5)(6,9,8,10)(11,13,14,12)(16,17,20,19)(22,24,25,23)(26,30,27,28),
 (1,4,3,5)(6,17)(7,19,10,20)(8,16,9,18)(11,13,12,15)(21,30,24,26)(22,27,23,29)(25,28),
 (6,7,8,9,10)(11,12,13,14,15)(16,17,18,19,20)(21,22,23,24,25)(26,27,28,29,30),
 (1,4,2,5,3)(6,10,9,8,7)(11,12,13,14,15)(16,19,17,20,18)(26,28,30,27,29),
 (1,4)(2,3)(6,19,7,20,8,16,9,17,10,18)(11,14,12,15,13)(21,29,22,30,23,26,24,27,25,28),
 (2,5)(3,4)(6,20,8,17,10,19,7,16,9,18)(11,12,13,14,15)(21,26,23,28,25,30,22,27,24,29),
 (1,2,3,4,5)(6,9,7,10,8)(11,13,15,12,14)(16,17,18,19,20)(26,30,29,28,27),
 (1,2,5,4)(6,7,10,9)(11,13,14,12)(16,19,18,20)(21,25,22,23)(27,29,30,28),
 (1,4)(2,3)(6,16)(7,17)(8,18)(9,19)(10,20)(21,26)(22,27)(23,28)(24,29)(25,30),
 (1,5)(2,4)(6,19,9,17,7,20,10,18,8,16)(11,15,14,13,12)(21,27,24,30,22,28,25,26,23,29),
 (1,5)(2,4)(6,10)(7,9)(11,14)(12,13)(16,18)(19,20)(21,22)(23,25)(27,30)(28,29),
 (1,4,2,5,3)(6,19,7,18,8,17,9,16,10,20)(11,12)(13,15)(21,28,24,30,22,27,25,29,23,26),
 (1,2,4,3)(6,16)(7,19,10,18)(8,17,9,20)(12,14,15,13)(21,26)(22,29,25,28)(23,27,24,30),
 (1,4)(2,3)(6,7)(8,10)(11,12)(13,15)(16,17)(18,20)(21,22)(23,25)(26,27)(28,30),
 (2,3,5,4)(6,10,8,9)(12,13,15,14)(16,17,19,18)(21,23,22,25)(26,29,30,27),
 (1,2,3,4,5)(6,8,10,7,9)(11,12,13,14,15)(21,25,24,23,22)(26,29,27,30,28),
 (1,5)(2,4)(6,8)(9,10)(11,12)(13,15)(17,20)(18,19)(21,25)(22,24)(26,29)(27,28),
 (1,3,2,5)(6,7,9,8)(12,13,15,14)(16,20,18,19)(21,24,25,22)(26,28,27,30),
 (1,2,3,4,5)(6,10,9,8,7)(11,14,12,15,13)(16,18,20,17,19)(21,22,23,24,25),
 (1,4,2,5,3)(6,20,7,19,8,18,9,17,10,16)(11,13)(14,15)(21,29,24,26,22,28,25,30,23,27),
 (1,2)(3,5)(7,10)(8,9)(11,13)(14,15)(16,20)(17,19)(21,22)(23,25)(26,29)(27,28),
 (1,5)(2,4)(6,16,8,18,10,20,7,17,9,19)(11,12,13,14,15)(21,29,23,26,25,28,22,30,24,27),
 (1,4,2,5,3)(6,8,10,7,9)(11,15,14,13,12)(16,17,18,19,20)(21,24,22,25,23),
 (1,3)(4,5)(6,7)(8,10)(11,13)(14,15)(16,19)(17,18)(21,25)(22,24)(27,30)(28,29),
 (1,4,2,5,3)(6,9,7,10,8)(16,18,20,17,19)(21,25,24,23,22)(26,27,28,29,30),
 (6,10,9,8,7)(11,15,14,13,12)(16,20,19,18,17)(21,25,24,23,22)(26,30,29,28,27),
 (2,5)(3,4)(7,10)(8,9)(11,14)(12,13)(16,17)(18,20)(21,25)(22,24)(26,28)(29,30),
 (1,5,3,4)(6,9,10,7)(12,13,15,14)(16,18,17,20)(21,25,23,24)(26,27,29,28),
 (1,3,5,2,4)(6,19,10,20,9,16,8,17,7,18)(12,15)(13,14)(21,30,23,28,25,26,22,29,24,27),
 (2,5)(3,4)(6,10)(7,9)(11,13)(14,15)(17,20)(18,19)(21,24)(22,23)(26,27)(28,30),
 (1,2)(3,5)(6,10)(7,9)(11,12)(13,15)(16,19)(17,18)(22,25)(23,24)(26,28)(29,30),
 (1,3,5,2,4)(11,14,12,15,13)(16,17,18,19,20)(21,25,24,23,22)(26,28,30,27,29),
 (1,2,5,4)(6,18,10,16)(7,20,9,19)(8,17)(11,12,14,13)(21,30,22,27)(23,29,25,28)(24,26),
 (1,5,3,4)(6,16,7,19)(8,17,10,18)(9,20)(11,14,13,15)(21,30,25,27)(22,28,24,29)(23,26),
 (2,5)(3,4)(6,17,7,18,8,19,9,20,10,16)(11,14,12,15,13)(21,28,22,29,23,30,24,26,25,27),
 (2,5)(3,4)(6,8)(9,10)(12,15)(13,14)(16,19)(17,18)(21,22)(23,25)(26,30)(27,29),
 (1,2,4,3)(6,9,10,7)(11,14,15,12)(16,19,20,17)(21,24,25,22)(26,29,30,27),
 (1,3,4,2)(6,19,10,17)(7,16,9,20)(8,18)(11,14,15,12)(21,29,25,27)(22,26,24,30)(23,28),
 (2,4,5,3)(6,9,8,10)(12,14,15,13)(16,18,19,17)(21,25,22,23)(26,27,30,29),
 (1,5,2,3)(6,10,7,8)(11,13,14,12)(17,19,20,18)(21,24,23,25)(26,27,30,29),
 (1,3,2,5)(6,17,7,20)(8,18,10,19)(9,16)(11,13,14,12)(21,30,23,26)(22,28)(24,29,25,27),
 (1,5,3,4)(6,20,8,16)(7,18)(9,19,10,17)(11,13,14,12)(21,29)(22,27,25,26)(23,30,24,28),
 (1,3,5,2,4)(6,7,8,9,10)(11,15,14,13,12)(16,18,20,17,19)(26,29,27,30,28),
 (6,9,7,10,8)(11,14,12,15,13)(16,19,17,20,18)(21,24,22,25,23)(26,29,27,30,28),
 (1,3,5,2,4)(6,8,10,7,9)(16,19,17,20,18)(21,22,23,24,25)(26,30,29,28,27),
 (2,5)(3,4)(6,18,9,16,7,19,10,17,8,20)(11,15,14,13,12)(21,29,24,27,22,30,25,28,23,26),
 (1,2,3,4,5)(6,16,8,19,10,17,7,20,9,18)(11,12)(13,15)(21,29,22,28,23,27,24,26,25,30),
 (1,5,2,3)(7,9,10,8)(11,14,13,15)(16,17,20,19)(21,25,22,23)(26,28,29,27),
 (1,4,5,2)(6,17,9,16)(7,20,8,18)(10,19)(11,14,13,15)(21,28)(22,26,25,30)(23,29,24,27),
 (1,2,3,4,5)(6,7,8,9,10)(16,20,19,18,17)(21,24,22,25,23)(26,28,30,27,29),
 (1,5,2,3)(6,19,9,20)(7,16,8,18)(10,17)(12,13,15,14)(21,30,25,28)(22,27,24,26)(23,29),
 (1,2)(3,5)(6,8)(9,10)(11,15)(12,14)(16,17)(18,20)(21,24)(22,23)(27,30)(28,29),
 (1,4,3,5)(6,7,10,9)(12,14,15,13)(16,20,17,18)(21,24,23,25)(26,28,29,27),
 (1,3,4,2)(6,17,9,18)(7,19,8,16)(10,20)(11,12,14,13)(21,27,24,28)(22,29,23,26)(25,30),
 (1,4,3,5)(7,9,10,8)(11,15,12,13)(16,19,18,20)(21,23,24,22)(26,27,30,29),
 (2,4,5,3)(6,19)(7,16,10,17)(8,18,9,20)(11,12,14,13)(21,28,25,26)(22,30,24,29)(23,27),
 (1,2,4,3)(6,19,8,20)(7,17)(9,18,10,16)(11,14,13,15)(21,29,23,30)(22,27)(24,28,25,26),
 (2,4,5,3)(6,7,10,9)(11,14,13,15)(17,19,20,18)(21,23,24,22)(26,30,27,28),
 (1,4,5,2)(6,19,7,17)(8,20,10,16)(9,18)(12,14,15,13)(21,30,24,29)(22,28,23,26)(25,27),
 (6,16)(7,20)(8,19)(9,18)(10,17)(12,15)(13,14)(21,26)(22,30)(23,29)(24,28)(25,27),
 (1,4,3,5)(6,20,10,18)(7,17,9,16)(8,19)(12,13,15,14)(21,28,23,27)(22,30)(24,29,25,26),
 (2,5)(3,4)(6,7)(8,10)(11,15)(12,14)(16,18)(19,20)(22,25)(23,24)(26,29)(27,28),
 (1,2,5,4)(6,19,8,18)(7,16)(9,20,10,17)(11,13,12,15)(21,26,25,29)(22,28,24,27)(23,30),
 (1,2,4,3)(6,10,8,9)(11,15,13,14)(16,20,18,19)(21,25,23,24)(26,30,28,29),
 (1,4)(2,3)(7,10)(8,9)(12,15)(13,14)(17,20)(18,19)(22,25)(23,24)(27,30)(28,29),
 (1,5,4,3,2)(11,12,13,14,15)(16,18,20,17,19)(21,24,22,25,23)(26,30,29,28,27),
 (1,5)(2,4)(6,7)(8,10)(12,15)(13,14)(16,20)(17,19)(21,24)(22,23)(26,28)(29,30),
 (1,5,2,3)(6,9,8,10)(11,12,15,14)(16,20,17,18)(21,23,24,22)(27,29,30,28),
 (1,5,2,3)(6,8,9,7)(12,14,15,13)(16,19,18,20)(21,22,25,24)(26,30,27,28),
 (6,8,10,7,9)(11,13,15,12,14)(16,18,20,17,19)(21,23,25,22,24)(26,28,30,27,29),
 (2,5)(3,4)(6,19)(7,20)(8,16)(9,17)(10,18)(21,30)(22,26)(23,27)(24,28)(25,29),
 (6,17)(7,16)(8,20)(9,19)(10,18)(11,12)(13,15)(21,27)(22,26)(23,30)(24,29)(25,28),
 (1,2,5,4)(6,17,7,19)(8,16,10,20)(9,18)(12,13,15,14)(21,29,24,30)(22,26,23,28)(25,27),
 (1,5,4,3,2)(6,16,9,18,7,20,10,17,8,19)(11,15)(12,14)(21,28,25,29,24,30,23,26,22,27),
 (2,3,5,4)(6,17,8,18)(7,20)(9,16,10,19)(12,14,15,13)(21,29,22,27)(23,30,25,26)(24,28),
 (1,3,4,2)(6,9,8,10)(11,14,13,15)(16,19,18,20)(21,24,23,25)(26,29,28,30),
 (1,3)(4,5)(7,10)(8,9)(11,12)(13,15)(16,18)(19,20)(21,24)(22,23)(26,30)(27,29),
 (1,2,4,3)(6,8,7,10)(11,13,12,15)(16,18,17,20)(21,23,22,25)(26,28,27,30),
 (1,2)(3,5)(6,9)(7,8)(12,15)(13,14)(16,18)(19,20)(21,25)(22,24)(26,27)(28,30),
 (1,3)(4,5)(6,18,8,20,10,17,7,19,9,16)(11,12,13,14,15)(21,30,23,27,25,29,22,26,24,28),
 (2,3,5,4)(7,8,10,9)(11,12,14,13)(16,18,17,20)(21,24,25,22)(26,30,28,29),
 (1,5,4,3,2)(6,10,9,8,7)(16,17,18,19,20)(21,23,25,22,24)(26,29,27,30,28),
 (1,3,5,2,4)(6,10,9,8,7)(11,13,15,12,14)(21,24,22,25,23)(26,27,28,29,30),
 (2,3,5,4)(6,8,7,10)(11,14,15,12)(16,20,18,19)(22,23,25,24)(26,27,29,28),
 (2,4,5,3)(6,18,8,17)(7,20)(9,19,10,16)(12,13,15,14)(21,27,22,29)(23,26,25,30)(24,28),
 (2,3,5,4)(6,20,10,17)(7,18,9,19)(8,16)(11,14,13,15)(21,27,24,26)(22,30,23,28)(25,29),
 (2,4,5,3)(6,10,7,8)(11,12,15,14)(16,19,18,20)(22,24,25,23)(26,28,29,27),
 (1,2,3,4,5)(6,18,8,16,10,19,7,17,9,20)(11,14)(12,13)(21,26,22,30,23,29,24,28,25,27),
 (2,4,5,3)(6,20,9,16)(7,17,8,19)(10,18)(11,13,12,15)(21,29,23,28)(22,26)(24,30,25,27),
 (1,4,5,2)(6,16,10,18)(7,19,9,20)(8,17)(11,13,14,12)(21,27,22,30)(23,28,25,29)(24,26),
 (1,5,2,3)(6,20,7,17)(8,19,10,18)(9,16)(11,12,14,13)(21,26,23,30)(22,28)(24,27,25,29),
 (1,5,3,4)(7,8,10,9)(11,13,12,15)(16,20,18,19)(21,22,24,23)(26,29,30,27),
 (1,3)(4,5)(6,20,7,16,8,17,9,18,10,19)(11,14,12,15,13)(21,27,22,28,23,29,24,30,25,26),
 (1,4)(2,3)(6,10)(7,9)(11,15)(12,14)(16,20)(17,19)(21,25)(22,24)(26,30)(27,29),
 (1,2)(3,5)(6,16,7,17,8,18,9,19,10,20)(11,14,12,15,13)(21,30,22,26,23,27,24,28,25,29),
 (1,4,5,2)(6,18,8,19)(7,16)(9,17,10,20)(11,15,12,13)(21,29,25,26)(22,27,24,28)(23,30),
 (2,5)(3,4)(6,16,10,20,9,19,8,18,7,17)(11,13,15,12,14)(21,27,25,26,24,30,23,29,22,28),
 (1,3)(4,5)(6,17)(7,18)(8,19)(9,20)(10,16)(21,29)(22,30)(23,26)(24,27)(25,28),
 (1,3,2,5)(6,9,10,7)(11,13,12,15)(16,17,19,18)(22,23,25,24)(26,30,28,29),
 (2,3,5,4)(6,7,9,8)(11,13,12,15)(16,19,20,17)(21,25,23,24)(27,28,30,29),
 (1,4,3,5)(6,8,9,7)(11,12,15,14)(17,19,20,18)(21,25,22,23)(26,29,28,30),
 (1,4)(2,3)(6,18,10,17,9,16,8,20,7,19)(11,13,15,12,14)(21,28,25,27,24,26,23,30,22,29),
 (2,4,5,3)(6,16,7,18)(8,20,10,19)(9,17)(11,14,15,12)(21,30)(22,27,25,28)(23,29,24,26),
 (1,3,5,2,4)(6,17,10,18,9,19,8,20,7,16)(11,14)(12,13)(21,28,23,26,25,29,22,27,24,30),
 (1,4,5,2)(6,9,10,7)(11,12,14,13)(16,20,18,19)(21,23,22,25)(27,28,30,29),
 (1,4)(2,3)(6,9)(7,8)(11,14)(12,13)(16,19)(17,18)(21,24)(22,23)(26,29)(27,28),
 (1,2,4,3)(6,7,9,8)(11,12,14,13)(16,17,19,18)(21,22,24,23)(26,27,29,28),
 (1,5,3,4)(6,18,10,20)(7,16,9,17)(8,19)(12,14,15,13)(21,27,23,28)(22,30)(24,26,25,29),
 (1,3)(4,5)(6,8)(9,10)(11,14)(12,13)(16,20)(17,19)(22,25)(23,24)(26,27)(28,30),
 (1,4,3,5)(6,16,8,20)(7,18)(9,17,10,19)(11,12,14,13)(21,29)(22,26,25,27)(23,28,24,30),
 (1,4,3,5)(6,19,7,16)(8,18,10,17)(9,20)(11,15,13,14)(21,27,25,30)(22,29,24,28)(23,26),
 (1,2,4,3)(6,20,7,18)(8,16,10,17)(9,19)(11,15,12,13)(21,30,22,28)(23,26,25,27)(24,29),
 (1,5)(2,4)(6,9)(7,8)(11,13)(14,15)(16,17)(18,20)(22,25)(23,24)(26,30)(27,29),
 (1,2,3,4,5)(6,17,8,20,10,18,7,16,9,19)(11,13)(14,15)(21,30,22,29,23,28,24,27,25,26),
 (1,3,5,2,4)(6,20,10,16,9,17,8,18,7,19)(11,12)(13,15)(21,26,23,29,25,27,22,30,24,28),
 (2,3,5,4)(6,19)(7,17,10,16)(8,20,9,18)(11,13,14,12)(21,26,25,28)(22,29,24,30)(23,27),
 (1,3,2,5)(6,10,8,9)(11,14,15,12)(16,18,17,20)(21,22,24,23)(27,28,30,29),
 (2,5)(3,4)(6,9)(7,8)(11,12)(13,15)(16,20)(17,19)(21,23)(24,25)(27,30)(28,29),
 (1,4,2,5,3)(11,13,15,12,14)(16,20,19,18,17)(21,22,23,24,25)(26,29,27,30,28),
 (1,5,2,3)(6,17,8,16)(7,19)(9,18,10,20)(11,14,15,12)(21,28,24,29)(22,30,23,27)(25,26),
 (1,2,4,3)(7,8,10,9)(12,13,15,14)(17,18,20,19)(22,23,25,24)(27,28,30,29),
 (1,5,4,3,2)(6,19,9,16,7,18,10,20,8,17)(11,13)(14,15)(21,26,25,27,24,28,23,29,22,30),
 (1,4,2,5,3)(6,18,7,17,8,16,9,20,10,19)(12,15)(13,14)(21,27,24,29,22,26,25,28,23,30),
 (1,3,5,2,4)(6,9,7,10,8)(11,12,13,14,15)(16,20,19,18,17)(21,23,25,22,24),
 (1,2)(3,5)(6,17,9,20,7,18,10,16,8,19)(11,15,14,13,12)(21,26,24,29,22,27,25,30,23,28),
 (2,4,5,3)(6,8,9,7)(11,15,12,13)(16,17,20,19)(21,24,23,25)(27,29,30,28),
 (1,2)(3,5)(6,18)(7,19)(8,20)(9,16)(10,17)(21,27)(22,28)(23,29)(24,30)(25,26),
 (1,3,4,2)(6,18,7,20)(8,17,10,16)(9,19)(11,13,12,15)(21,28,22,30)(23,27,25,26)(24,29),
 (1,5,3,4)(6,19,9,18)(7,17,8,20)(10,16)(11,12,15,14)(21,28,22,26)(23,29,25,30)(24,27),
 (1,3,2,5)(6,18)(7,16,10,20)(8,19,9,17)(11,14,13,15)(21,26,22,29)(23,27,25,28)(24,30),
 (1,4,3,5)(6,10,7,8)(11,14,13,15)(16,18,19,17)(21,22,25,24)(27,29,30,28),
 (1,2,4,3)(6,18,9,17)(7,16,8,19)(10,20)(11,13,14,12)(21,28,24,27)(22,26,23,29)(25,30),
 (2,4,5,3)(7,9,10,8)(11,13,14,12)(16,20,17,18)(21,22,25,24)(26,29,28,30),
 (1,5)(2,4)(6,17,10,16,9,20,8,19,7,18)(11,13,15,12,14)(21,30,25,29,24,28,23,27,22,26),
 (1,5,3,4)(6,7,9,8)(11,14,15,12)(17,18,20,19)(21,23,22,25)(26,30,28,29),
 (1,2,4,3)(6,17,10,19)(7,20,9,16)(8,18)(11,12,15,14)(21,27,25,29)(22,30,24,26)(23,28),
 (1,5,3,4)(6,10,8,9)(11,12,14,13)(16,19,20,17)(22,23,25,24)(26,28,27,30),
 (1,2)(3,5)(6,7)(8,10)(11,14)(12,13)(17,20)(18,19)(21,23)(24,25)(26,30)(27,29),
 (1,5,4,3,2)(6,20,9,17,7,19,10,16,8,18)(11,14)(12,13)(21,27,25,28,24,29,23,30,22,26),
 (1,4,5,2)(6,7,9,8)(11,15,13,14)(16,18,17,20)(22,23,25,24)(26,29,30,27),
 (2,3,5,4)(6,9,10,7)(11,15,13,14)(17,18,20,19)(21,22,24,23)(26,28,27,30),
 (1,3)(4,5)(6,10)(7,9)(12,15)(13,14)(16,17)(18,20)(21,23)(24,25)(26,29)(27,28),
 (1,3,2,5)(6,16,8,17)(7,19)(9,20,10,18)(11,12,15,14)(21,29,24,28)(22,27,23,30)(25,26),
 (1,5,2,3)(6,16,10,19)(7,18,9,17)(8,20)(11,13,12,15)(21,27)(22,29,25,30)(23,26,24,28),
 (1,4,2,5,3)(6,16,7,20,8,19,9,18,10,17)(11,14)(12,13)(21,30,24,27,22,29,25,26,23,28),
 (1,2,5,4)(6,16,9,17)(7,18,8,20)(10,19)(11,15,13,14)(21,28)(22,30,25,26)(23,27,24,29),
 (1,4)(2,3)(6,17,8,19,10,16,7,18,9,20)(11,12,13,14,15)(21,27,23,29,25,26,22,28,24,30),
 (6,18)(7,17)(8,16)(9,20)(10,19)(11,13)(14,15)(21,28)(22,27)(23,26)(24,30)(25,29),
 (1,5,4,3,2)(6,8,10,7,9)(11,14,12,15,13)(16,20,19,18,17)(26,27,28,29,30),
 (1,4,5,2)(6,10,8,9)(11,13,12,15)(17,18,20,19)(21,24,25,22)(26,27,29,28),
 (6,19)(7,18)(8,17)(9,16)(10,20)(11,14)(12,13)(21,29)(22,28)(23,27)(24,26)(25,30),
 (1,5)(2,4)(6,20)(7,16)(8,17)(9,18)(10,19)(21,28)(22,29)(23,30)(24,26)(25,27),
 (1,4,5,2)(6,20)(7,18,10,17)(8,16,9,19)(11,12,15,14)(21,26,23,27)(22,29)(24,30,25,28),
 (1,3,4,2)(6,8,9,7)(11,13,14,12)(16,18,19,17)(21,23,24,22)(26,28,29,27),
 (1,3)(4,5)(6,19,10,18,9,17,8,16,7,20)(11,13,15,12,14)(21,26,25,30,24,29,23,28,22,27),
 (1,3)(4,5)(6,9)(7,8)(11,15)(12,14)(17,20)(18,19)(21,22)(23,25)(26,28)(29,30),
 (1,2)(3,5)(6,20,10,19,9,18,8,17,7,16)(11,13,15,12,14)(21,29,25,28,24,27,23,26,22,30),
 (1,2,5,4)(6,10,7,8)(12,14,15,13)(16,17,20,19)(21,23,24,22)(26,29,28,30),
 (1,2,3,4,5)(6,19,8,17,10,20,7,18,9,16)(11,15)(12,14)(21,27,22,26,23,30,24,29,25,28),
 (6,20)(7,19)(8,18)(9,17)(10,16)(11,15)(12,14)(21,30)(22,29)(23,28)(24,27)(25,26),
 (1,5,3,4)(6,17)(7,20,10,19)(8,18,9,16)(11,15,12,13)(21,26,24,30)(22,29,23,27)(25,28),
 (1,2,3,4,5)(6,20,8,18,10,16,7,19,9,17)(12,15)(13,14)(21,28,22,27,23,26,24,30,25,29),
 (1,4,5,2)(7,8,10,9)(11,14,15,12)(16,17,19,18)(21,25,23,24)(26,28,27,30),
 (1,4)(2,3)(6,20,9,18,7,16,10,19,8,17)(11,15,14,13,12)(21,30,24,28,22,26,25,29,23,27),
 (1,2,5,4)(6,9,8,10)(11,15,12,13)(17,19,20,18)(21,22,25,24)(26,28,29,27)]
