----------------------------------------------------------------------------- 
 	 No 1
 group = C9
 Size = 9
 Domain = {1, 2, 3, 4, 5, 6, 7, 8, 9} 
 EKR True
 eigenvalues = [8, -1, -1, -1, -1, -1, -1, -1, -1]
 multiplicity = [1, 1, 1, 1, 1, 1, 1, 1, 1] 
 Blocks = [[1, 4, 7]]
 
----------------------------------------------------------------------------- 
----------------------------------------------------------------------------- 
 	 No 2
 group = C3 x C3
 Size = 9
 Domain = {1, 2, 3, 4, 5, 6, 7, 8, 9} 
 EKR True
 eigenvalues = [8, -1, -1, -1, -1, -1, -1, -1, -1]
 multiplicity = [1, 1, 1, 1, 1, 1, 1, 1, 1] 
 Blocks = [[1, 2, 9], [1, 3, 8], [1, 4, 7], [1, 5, 6]]
 
----------------------------------------------------------------------------- 
----------------------------------------------------------------------------- 
 	 No 3
 group = C9 : C3
 Size = 27
 Domain = {1, 2, 3, 4, 5, 6, 7, 8, 9} 
 EKR True
 eigenvalues = [20, -7, -7, 2, 2, 2, 2, 2, 2, -1, -1]
 multiplicity = [1, 1, 1, 1, 1, 1, 1, 1, 1, 9, 9] 
 Blocks = [[1, 4, 7]]
 
----------------------------------------------------------------------------- 
----------------------------------------------------------------------------- 
 	 No 4
 group = (C3 x C3) : C3
 Size = 27
 Domain = {1, 2, 3, 4, 5, 6, 7, 8, 9} 
 EKR True
 eigenvalues = [20, -7, -7, 2, 2, 2, 2, 2, 2, -1, -1]
 multiplicity = [1, 1, 1, 1, 1, 1, 1, 1, 1, 9, 9] 
 Blocks = [[1, 2, 9]]
 
----------------------------------------------------------------------------- 
----------------------------------------------------------------------------- 
 	 No 5
 group = C27
 Size = 27
 Domain = {1, 2, 3, 4, 5, 6, 7, 8, 9, 10, 11, 12, 13, 14, 15, 16, 17, 18, 19, 20, 21, 22, 23, 24, 25, 26, 27} 
 EKR True
 eigenvalues = [26, -1, -1, -1, -1, -1, -1, -1, -1, -1, -1, -1, -1, -1, -1, -1, -1, -1, -1, -1, -1, -1, -1, -1, -1, -1, -1]
 multiplicity = [1, 1, 1, 1, 1, 1, 1, 1, 1, 1, 1, 1, 1, 1, 1, 1, 1, 1, 1, 1, 1, 1, 1, 1, 1, 1, 1] 
 Blocks = [[1, 2, 3], [1, 2, 3, 10, 11, 12, 19, 20, 21]]
 
----------------------------------------------------------------------------- 
----------------------------------------------------------------------------- 
 	 No 6
 group = C9 x C3
 Size = 27
 Domain = {1, 2, 3, 4, 5, 6, 7, 8, 9, 10, 11, 12, 13, 14, 15, 16, 17, 18, 19, 20, 21, 22, 23, 24, 25, 26, 27} 
 EKR True
 eigenvalues = [26, -1, -1, -1, -1, -1, -1, -1, -1, -1, -1, -1, -1, -1, -1, -1, -1, -1, -1, -1, -1, -1, -1, -1, -1, -1, -1]
 multiplicity = [1, 1, 1, 1, 1, 1, 1, 1, 1, 1, 1, 1, 1, 1, 1, 1, 1, 1, 1, 1, 1, 1, 1, 1, 1, 1, 1] 
 Blocks = [[1, 2, 3], [1, 2, 3, 10, 11, 12, 19, 20, 21], [1, 4, 8, 12, 15, 18, 19, 24, 25], [1, 5, 7, 12, 13, 17, 19, 22, 27], [1, 6, 9, 12, 14, 16, 19, 23, 26], [1, 10, 21], [1, 11, 20], [1, 12, 19]]
 
----------------------------------------------------------------------------- 
----------------------------------------------------------------------------- 
 	 No 7
 group = (C3 x C3) : C3
 Size = 27
 Domain = {1, 2, 3, 4, 5, 6, 7, 8, 9, 10, 11, 12, 13, 14, 15, 16, 17, 18, 19, 20, 21, 22, 23, 24, 25, 26, 27} 
 EKR True
 eigenvalues = [26, -1, -1, -1, -1, -1, -1, -1, -1, -1, -1]
 multiplicity = [1, 1, 1, 1, 1, 1, 1, 1, 1, 9, 9] 
 Blocks = [[1, 2, 3], [1, 2, 3, 4, 5, 6, 25, 26, 27], [1, 4, 25], [1, 5, 27], [1, 5, 7, 11, 15, 16, 20, 24, 27], [1, 5, 8, 12, 13, 18, 19, 23, 27], [1, 5, 9, 10, 14, 17, 21, 22, 27], [1, 6, 26], [1, 7, 16], [1, 8, 19], [1, 9, 22], [1, 10, 21], [1, 11, 24], [1, 12, 18], [1, 13, 23], [1, 14, 17], [1, 15, 20]]
 
----------------------------------------------------------------------------- 
----------------------------------------------------------------------------- 
 	 No 8
 group = C3 x C3 x C3
 Size = 27
 Domain = {1, 2, 3, 4, 5, 6, 7, 8, 9, 10, 11, 12, 13, 14, 15, 16, 17, 18, 19, 20, 21, 22, 23, 24, 25, 26, 27} 
 EKR True
 eigenvalues = [26, -1, -1, -1, -1, -1, -1, -1, -1, -1, -1, -1, -1, -1, -1, -1, -1, -1, -1, -1, -1, -1, -1, -1, -1, -1, -1]
 multiplicity = [1, 1, 1, 1, 1, 1, 1, 1, 1, 1, 1, 1, 1, 1, 1, 1, 1, 1, 1, 1, 1, 1, 1, 1, 1, 1, 1] 
 Blocks = [[1, 2, 3], [1, 2, 3, 4, 5, 6, 25, 26, 27], [1, 2, 3, 7, 8, 9, 22, 23, 24], [1, 2, 3, 10, 11, 12, 19, 20, 21], [1, 2, 3, 13, 14, 15, 16, 17, 18], [1, 4, 25], [1, 4, 7, 11, 15, 16, 19, 22, 25], [1, 4, 8, 12, 13, 18, 21, 24, 25], [1, 4, 9, 10, 14, 17, 20, 23, 25], [1, 5, 27], [1, 5, 7, 12, 14, 17, 21, 22, 27], [1, 5, 8, 10, 15, 16, 20, 24, 27], [1, 5, 9, 11, 13, 18, 19, 23, 27], [1, 6, 26], [1, 6, 7, 10, 13, 18, 20, 22, 26], [1, 6, 8, 11, 14, 17, 19, 24, 26], [1, 6, 9, 12, 15, 16, 21, 23, 26], [1, 7, 22], [1, 8, 24], [1, 9, 23], [1, 10, 20], [1, 11, 19], [1, 12, 21], [1, 13, 18], [1, 14, 17], [1, 15, 16]]
 
----------------------------------------------------------------------------- 
----------------------------------------------------------------------------- 
 	 No 9
 group = C9 : C3
 Size = 27
 Domain = {1, 2, 3, 4, 5, 6, 7, 8, 9, 10, 11, 12, 13, 14, 15, 16, 17, 18, 19, 20, 21, 22, 23, 24, 25, 26, 27} 
 EKR True
 eigenvalues = [26, -1, -1, -1, -1, -1, -1, -1, -1, -1, -1]
 multiplicity = [1, 1, 1, 1, 1, 1, 1, 1, 1, 9, 9] 
 Blocks = [[1, 2, 3], [1, 2, 3, 10, 11, 12, 19, 20, 21], [1, 4, 8, 11, 14, 18, 21, 24, 25], [1, 5, 7, 11, 15, 17, 21, 22, 27], [1, 6, 9, 11, 13, 16, 21, 23, 26], [1, 10, 19], [1, 11, 21], [1, 12, 20]]
 
----------------------------------------------------------------------------- 
