Index = 20,
 Group = (A5 x A5) : D8
 Generators = [(14,15)(16,17)(18,19), (12,13)(16,18)(17,19), (11,12)(14,16)(15,17)(18,19), (10,11)(12,14)(13,15)(17,18), (4,5)(6,7)(8,9), (2,3)(6,8)(7,9), (1,2)(4,6)(5,7)(8,9), (0,1)(2,4)(3,5)(7,8), (0,10)(1,11)(2,12)(3,13)(4,14)(5,15)(6,16)(7,17)(8,18)(9,19)]
 ---------------------------------- 
 Index = 34,
 Group = (A5 x A5) : D8
 Generators = [(12,13)(15,16)(17,18), (11,12)(14,15)(18,19), (11,14)(12,15)(13,16), (10,11)(15,17)(16,18), (2,3)(5,6)(7,8), (1,2)(4,5)(8,9), (1,4)(2,5)(3,6), (0,1)(5,7)(6,8), (0,10)(1,11)(2,12)(3,13)(4,14)(5,15)(6,16)(7,17)(8,18)(9,19)]
 ---------------------------------- 
 Index = 83,
 Group = (A5 x A5) : D8
 Generators = [(14,15)(16,17)(18,19), (8,9)(10,11)(12,13), (6,7)(10,12)(11,13), (5,6)(8,10)(9,11)(12,13), (4,5)(6,8)(7,9)(11,12), (2,3)(16,18)(17,19), (1,2)(14,16)(15,17)(18,19), (0,1)(2,14)(3,15)(17,18), (0,4)(1,5)(2,6)(3,7)(8,14)(9,15)(10,16)(11,17)(12,18)(13,19)]
 ---------------------------------- 
 Index = 97,
 Group = (A5 x A5) : D8
 Generators = [(9,10)(12,13)(14,15), (8,9)(11,12)(15,16), (8,11)(9,12)(10,13), (7,8)(12,14)(13,15), (2,3)(5,6)(17,18), (1,2)(4,5)(18,19), (1,4)(2,5)(3,6), (0,1)(5,17)(6,18), (0,7)(1,8)(2,9)(3,10)(4,11)(5,12)(6,13)(14,17)(15,18)(16,19)]
 ---------------------------------- 
 