Index = 20 
 Group = (A5 x A5) : D8 
 Generators = [(14,15)(16,17)(18,19), (12,13)(16,18)(17,19), (11,12)(14,16)(15,17)(18,19), (10,11)(12,14)(13,15)(17,18), (4,5)(6,7)(8,9), (2,3)(6,8)(7,9), (1,2)(4,6)(5,7)(8,9), (0,1)(2,4)(3,5)(7,8), (0,10)(1,11)(2,12)(3,13)(4,14)(5,15)(6,16)(7,17)(8,18)(9,19)] 
 Graph = SsP@PGXD_??@?A?A??_?G??g?AO?BG?Ao
 ---------------------------------- 
 Index = 34 
 Group = (A5 x A5) : D8 
 Generators = [(12,13)(15,16)(17,18), (11,12)(14,15)(18,19), (11,14)(12,15)(13,16), (10,11)(15,17)(16,18), (2,3)(5,6)(7,8), (1,2)(4,5)(8,9), (1,4)(2,5)(3,6), (0,1)(5,7)(6,8), (0,10)(1,11)(2,12)(3,13)(4,14)(5,15)(6,16)(7,17)(8,18)(9,19)] 
 Graph = S~qkzXZLw??@?B?B_@_?T?A[?Eo?JW?E{
 ---------------------------------- 
 Index = 83 
 Group = (A5 x A5) : D8 
 Generators = [(14,15)(16,17)(18,19), (8,9)(10,11)(12,13), (6,7)(10,12)(11,13), (5,6)(8,10)(9,11)(12,13), (4,5)(6,8)(7,9)(11,12), (2,3)(16,18)(17,19), (1,2)(14,16)(15,17)(18,19), (0,1)(2,14)(3,15)(17,18), (0,4)(1,5)(2,6)(3,7)(8,14)(9,15)(10,16)(11,17)(12,18)(13,19)] 
 Graph = Ss~~vrs|Fd]Q{X{UH~y^}J~wn~O~~G~}o
 ---------------------------------- 
 Index = 97 
 Group = (A5 x A5) : D8 
 Generators = [(9,10)(12,13)(14,15), (8,9)(11,12)(15,16), (8,11)(9,12)(10,13), (7,8)(12,14)(13,15), (2,3)(5,6)(17,18), (1,2)(4,5)(18,19), (1,4)(2,5)(3,6), (0,1)(5,17)(6,18), (0,7)(1,8)(2,9)(3,10)(4,11)(5,12)(6,13)(14,17)(15,18)(16,19)] 
 Graph = S~qk~~~~~~~{~t~r~uv|Z~e|l~yv~xn~{
 ---------------------------------- 
 Index = 369 
 Group = S8 
 Generators = [(5,6)(11,12)(16,17)(20,21)(23,24)(25,26), (4,5)(10,11)(15,16)(19,20)(22,23)(26,27), (3,4)(9,10)(14,15)(18,19)(23,25)(24,26), (2,3)(8,9)(13,14)(19,22)(20,23)(21,24), (1,2)(7,8)(14,18)(15,19)(16,20)(17,21), (1,7)(2,8)(3,9)(4,10)(5,11)(6,12), (0,1)(8,13)(9,14)(10,15)(11,16)(12,17)] 
 Graph = [~~~}A`c[Ron_~WWIIIQRPP\BBx`b@PQccdJGgpwopeAadTCchfBBEZ@PQjWKKXn
 ---------------------------------- 
 Index = 384 
 Group = S8 
 Generators = [(16,17)(18,19)(20,21)(22,23)(24,25)(26,27), (8,9)(10,11)(12,13)(14,15)(24,26)(25,27), (4,6)(5,7)(12,14)(13,15)(20,22)(21,23), (4,7)(5,6)(8,11)(9,10)(16,18)(17,19)(20,21)(22,23)(24,25)(26,27), (2,4)(3,5)(10,12)(11,13)(18,20)(19,21), (1,15)(2,12)(4,10)(7,9)(22,24)(23,25), (0,1)(8,16)(9,17)(10,18)(11,19)(12,20)(13,21)(14,22)(15,23)(25,26)] 
 Graph = [~rMEEiidJSieXeUQskksYb|iNrJfrJfhX{xU^Lal}QivwsNxUTNxTiFzTIh}tLS
 ---------------------------------- 
 