
 ------------------------- 
 Index = 33
 graph-group['S~aCAORHYGB?G_O`a`POW@osKh_Sh_B{?', [(1,3,2)(4,6,5)(7,8,9)(10,11,12)(13,14,15)(16,17,18), (0,1,2)(4,10,9)(5,7,15)(6,13,12)(8,11,14)(17,19,18), (0,4,17,8,6)(1,11,14,9,16)(2,15,10,19,12)(3,18,5,7,13)]] 
 

 ------------------------- 
 
 ------------------------- 
 Index = 39
 graph-group['S~aCC@LHouGpIgFCGWGiDIPLCZGpl@DY_', [(1,3,2)(4,6,5)(8,10,9)(11,13,12)(14,15,16)(17,18,19), (0,1)(2,3)(4,17)(5,8)(6,14)(7,11)(9,18)(10,16)(12,13)(15,19), (0,4,16,11,5)(1,8,7,10,17)(2,18,15,6,13)(3,12,14,19,9)]] 
 

 ------------------------- 
 
 ------------------------- 
 Index = 80
 graph-group['S~~vevfn]LTberZNI|PukQq{[VxLZwB~{', [(1,3,2)(4,5,6)(7,9,8)(10,12,11)(13,14,15)(16,17,18), (0,1,8,5,2)(3,6,10,13,9)(4,7,14,18,11)(12,16,19,17,15)]] 
 

 ------------------------- 
 
 ------------------------- 
 Index = 87
 graph-group['S~qk}~mner{nk~~_NfjvU\\tpLfwuzxLv{', [(1,3,2)(4,6,5)(7,9,8)(10,12,11)(14,15,16)(17,18,19), (0,1,17,19,9)(2,11,8,14,5)(3,7,15,18,6)(4,13,16,12,10)]] 
 

 ------------------------- 
 
 ------------------------- 
 Index = 351
 graph-group['[~aCAOaD?Q`L@S?w?UGHcO?D??`?OG_GO_A?C?OGGAU?OOw@@@K?aAK`?Aq_O@RO', [(2,3)(5,6)(8,9)(10,11)(12,13)(14,15)(16,17)(18,19)(20,21)(22,23)(24,25)(26,27), (1,2)(4,6)(7,8)(10,14)(11,13)(12,15)(16,20)(17,18)(19,21)(22,24)(23,26)(25,27), (0,1)(2,3)(4,7)(5,17)(6,16)(8,19)(9,18)(12,26)(13,27)(14,22)(15,23)(20,21), (0,4)(1,7)(2,10,3,11)(5,27,6,26)(8,18,9,19)(12,16,13,17)(14,23,15,22)(20,25,21,24)]] 
 

 ------------------------- 
 
 ------------------------- 
 Index = 354
 graph-group['[uiKeA_EoxKoO{HYB?AG_Ga?B@GHC_PD_P@g?W?YGGLcO_yAC\\ECAidG@fS@?hy?', [(1,2)(3,4)(5,6)(7,8)(9,10)(12,13)(15,16)(17,18)(19,20)(22,23)(24,25)(26,27), (0,1,26,16,17,24,4)(2,7,15,10,6,22,14)(3,11,20,27,13,9,5)(8,12,18,25,23,21,19)]] 
 

 ------------------------- 
 
 ------------------------- 
 Index = 355
 graph-group['[tzSKV_s@bEQ@tAyDGOkAPGDGOgHL?Oq`CGRQ@Gx@ISABOgK?KN?Ybh?Qhj?E@w[', [(2,3)(4,5)(6,7)(8,9)(10,11)(12,13)(14,15)(16,17)(18,19)(20,21)(22,23)(25,26), (0,1)(2,16)(3,17)(4,5)(6,21)(7,20)(10,25)(11,26)(12,19)(13,18)(14,15)(24,27), (0,2,8,10,13,7,4)(1,3,22,25,19,6,14)(5,24,16,23,26,12,21)(9,11,18,20,15,27,17)]] 
 

 ------------------------- 
 
 ------------------------- 
 Index = 357
 graph-group['[}i]DAGc?rBQOtGykEAKPHPGKT?hSAP@GoOaBOaGkAagCbaGEEb?Xcx?RHkOE@No', [(1,2)(3,4)(6,7)(8,9)(10,11)(12,13)(15,16)(17,18)(19,20)(21,22)(23,24)(25,26), (0,1,6,12,11,9,3)(2,15,13,25,17,20,5)(4,14,22,7,23,26,18)(8,19,27,21,16,24,10)]] 
 

 ------------------------- 
 
 ------------------------- 
 Index = 360
 graph-group['[~rLKqacZOI_WISDeH@cHBP?MGGQaOLCG@oa?kCWGiU`DO{?oNK?BN?_?yJG?VDJ', [(2,3)(4,5)(6,7)(8,9)(10,11)(12,13)(14,15)(16,17)(18,19)(20,21)(22,23)(26,27), (1,2)(4,8)(5,6)(7,9)(10,12)(11,15)(13,14)(16,21)(17,19)(18,20)(22,24)(25,26), (0,1,2,3)(4,10,14,7)(5,12,15,9)(6,13)(8,11)(16,23,25,20)(17,27,24,18)(19,26,21,22), (0,4,1,5)(2,16)(3,17)(6,7,10,11)(8,18,12,22)(9,23,13,19)(14,25,15,24)(20,27,26,21)]] 
 

 ------------------------- 
 
 ------------------------- 
 Index = 361
 graph-group['[{u~CIHsD_A[QhHpiaho\\OfGa[OJSGRaT_oDWQA_mA@BSOB?KLm?QM\\?aPRoOQJZ', [(1,2)(4,5)(7,8)(9,10)(12,13)(14,15)(16,17)(18,19)(20,21)(22,23)(24,25)(26,27), (0,1,16,25,27,22,5)(2,9,21,19,23,13,3)(4,6,14,10,20,26,7)(8,12,11,15,17,24,18)]] 
 

 ------------------------- 
 
 ------------------------- 
 Index = 362
 graph-group['[}iKmA_eCBKrVBMbHFHatEo?[_GSsOgqL@sSG\\IAF@QCkApP?IlG_D]_WWqgHERT', [(1,2)(3,4)(5,6)(7,8)(12,13)(14,15)(16,17)(18,19)(20,21)(22,23)(24,25)(26,27), (0,1,20,25,26,18,4)(2,7,24,17,6,12,9)(3,11,15,21,23,16,5)(8,22,27,19,13,10,14)]] 
 

 ------------------------- 
 
 ------------------------- 
 Index = 363
 graph-group['[}rLKu_cK@lPTRKUeTaERHKOWo_U_GN?T_OqSGSWQWi?pRPADah@H`Ud?HnOg@\\i', [(2,3)(4,5)(6,7)(8,9)(11,12)(13,14)(16,17)(18,19)(20,21)(22,23)(24,25)(26,27), (0,1)(4,5)(6,11)(7,12)(8,20)(9,21)(10,15)(16,26)(17,27)(18,25)(19,24)(22,23), (0,2,20,27,25,22,7)(1,14,21,17,19,4,6)(3,8,26,18,5,11,15)(9,16,24,23,12,10,13)]] 
 

 ------------------------- 
 
 ------------------------- 
 Index = 364
 graph-group['[tz]Ff_sKKPP\\g]cdwg}TPRDHKhFc?faCC[`AJCh_oLEC`J?Epf?HqZ_cDvGO_zl', [(2,3)(4,5)(8,9)(10,11)(12,13)(14,15)(16,17)(18,19)(20,21)(22,23)(24,25)(26,27), (0,1)(2,12)(3,13)(4,5)(6,7)(10,17)(11,16)(14,15)(20,27)(21,26)(22,24)(23,25), (0,2,8,23,21,11,4)(1,3,18,25,27,10,14)(5,7,12,19,24,20,17)(6,13,9,22,26,16,15)]] 
 

 ------------------------- 
 
 ------------------------- 
 Index = 372
 graph-group['[}nNCqo`}IPochgYJVbRk\\Ss}Xa]Fa\\EWrkKLZKAB|B@ViKDeqfHTpfI?i~POTVj', [(1,3)(2,4)(5,8)(6,7)(10,12)(11,13)(14,16)(15,17)(18,20)(19,21)(22,24)(23,25), (0,1,19,13,10,22,8)(2,5,26,23,7,14,12)(3,6,16,17,24,20,9)(4,18,27,25,21,11,15)]] 
 

 ------------------------- 
 
 ------------------------- 
 Index = 373
 graph-group['[}nfKyZxnMrkex}?IPYgNIUOgtIaRq`bkkD]I_zYHgj@XTQH`kNC]Br?hbTwDdI~', [(1,4)(2,3)(5,7)(6,8)(9,12)(10,11)(14,17)(15,16)(18,20)(19,21)(22,23)(24,25), (0,1,15,24,21,17,8)(2,19,11,6,13,22,12)(3,5,14,20,27,4,9)(7,10,18,26,23,16,25)]] 
 

 ------------------------- 
 
 ------------------------- 
 Index = 380
 graph-group['[}nNCuspS[QTg[sAtAattY^PtMh{ma]NpLfeK}XplrpHVTEW^SKFdpRehsXoNB{N', [(1,3)(2,4)(5,8)(6,7)(9,11)(10,12)(15,17)(16,18)(19,21)(20,22)(23,26)(24,25), (0,1,16,10,6,19,4)(2,13,23,11,15,7,5)(3,9,17,22,21,25,14)(8,24,27,26,18,12,20)]] 
 

 ------------------------- 
 
 ------------------------- 
 Index = 381
 graph-group['[}nmviyxVIrVensoTcA[FWk[\\DxbRyLYoNQsGzIojeLH`emWcuYERPveETVo?~B~', [(1,3)(2,4)(5,8)(6,7)(9,11)(10,12)(15,18)(16,17)(19,22)(20,21)(23,26)(24,25), (0,1,19,21,18,17,4)(2,13,23,8,7,15,11)(3,5,6,10,16,25,14)(9,24,27,26,22,20,12)]] 
 

 ------------------------- 
 