Index = 20 
 Group = (A5 x A5) : D8 
 Generators = [(14,15)(16,17)(18,19), (12,13)(16,18)(17,19), (11,12)(14,16)(15,17)(18,19), (10,11)(12,14)(13,15)(17,18), (4,5)(6,7)(8,9), (2,3)(6,8)(7,9), (1,2)(4,6)(5,7)(8,9), (0,1)(2,4)(3,5)(7,8), (0,10)(1,11)(2,12)(3,13)(4,14)(5,15)(6,16)(7,17)(8,18)(9,19)] 
 Graph = SsP@PGXD_??@?A?A??_?G??g?AO?BG?Ao
 ---------------------------------- 
 Index = 34 
 Group = (A5 x A5) : D8 
 Generators = [(12,13)(15,16)(17,18), (11,12)(14,15)(18,19), (11,14)(12,15)(13,16), (10,11)(15,17)(16,18), (2,3)(5,6)(7,8), (1,2)(4,5)(8,9), (1,4)(2,5)(3,6), (0,1)(5,7)(6,8), (0,10)(1,11)(2,12)(3,13)(4,14)(5,15)(6,16)(7,17)(8,18)(9,19)] 
 Graph = S~qkzXZLw??@?B?B_@_?T?A[?Eo?JW?E{
 ---------------------------------- 
 Index = 83 
 Group = (A5 x A5) : D8 
 Generators = [(14,15)(16,17)(18,19), (8,9)(10,11)(12,13), (6,7)(10,12)(11,13), (5,6)(8,10)(9,11)(12,13), (4,5)(6,8)(7,9)(11,12), (2,3)(16,18)(17,19), (1,2)(14,16)(15,17)(18,19), (0,1)(2,14)(3,15)(17,18), (0,4)(1,5)(2,6)(3,7)(8,14)(9,15)(10,16)(11,17)(12,18)(13,19)] 
 Graph = Ss~~vrs|Fd]Q{X{UH~y^}J~wn~O~~G~}o
 ---------------------------------- 
 Index = 97 
 Group = (A5 x A5) : D8 
 Generators = [(9,10)(12,13)(14,15), (8,9)(11,12)(15,16), (8,11)(9,12)(10,13), (7,8)(12,14)(13,15), (2,3)(5,6)(17,18), (1,2)(4,5)(18,19), (1,4)(2,5)(3,6), (0,1)(5,17)(6,18), (0,7)(1,8)(2,9)(3,10)(4,11)(5,12)(6,13)(14,17)(15,18)(16,19)] 
 Graph = S~qk~~~~~~~{~t~r~uv|Z~e|l~yv~xn~{
 ---------------------------------- 
 Index = 369 
 Group = S8 
 Generators = [(5,6)(11,12)(16,17)(20,21)(23,24)(25,26), (4,5)(10,11)(15,16)(19,20)(22,23)(26,27), (3,4)(9,10)(14,15)(18,19)(23,25)(24,26), (2,3)(8,9)(13,14)(19,22)(20,23)(21,24), (1,2)(7,8)(14,18)(15,19)(16,20)(17,21), (1,7)(2,8)(3,9)(4,10)(5,11)(6,12), (0,1)(8,13)(9,14)(10,15)(11,16)(12,17)] 
 Graph = [~~~}A`c[Ron_~WWIIIQRPP\BBx`b@PQccdJGgpwopeAadTCchfBBEZ@PQjWKKXn
 ---------------------------------- 
 Index = 384 
 Group = S8 
 Generators = [(16,17)(18,19)(20,21)(22,23)(24,25)(26,27), (8,9)(10,11)(12,13)(14,15)(24,26)(25,27), (4,6)(5,7)(12,14)(13,15)(20,22)(21,23), (4,7)(5,6)(8,11)(9,10)(16,18)(17,19)(20,21)(22,23)(24,25)(26,27), (2,4)(3,5)(10,12)(11,13)(18,20)(19,21), (1,15)(2,12)(4,10)(7,9)(22,24)(23,25), (0,1)(8,16)(9,17)(10,18)(11,19)(12,20)(13,21)(14,22)(15,23)(25,26)] 
 Graph = [~rMEEiidJSieXeUQskksYb|iNrJfrJfhX{xU^Lal}QivwsNxUTNxTiFzTIh}tLS
 ---------------------------------- 
 Index = 412 
 Group = (A5 x A5 x A5) : (C2 x S4) 
 Generators = [(24,25)(26,27)(28,29), (22,23)(26,28)(27,29), (21,22)(24,26)(25,27)(28,29), (20,21)(22,24)(23,25)(27,28), (14,15)(16,17)(18,19), (12,13)(16,18)(17,19), (11,12)(14,16)(15,17)(18,19), (10,11)(12,14)(13,15)(17,18), (10,20)(11,21)(12,22)(13,23)(14,24)(15,25)(16,26)(17,27)(18,28)(19,29), (4,5)(6,7)(8,9), (2,3)(6,8)(7,9), (1,2)(4,6)(5,7)(8,9), (0,1)(2,4)(3,5)(7,8), (0,10)(1,11)(2,12)(3,13)(4,14)(5,15)(6,16)(7,17)(8,18)(9,19)] 
 Graph = ]sP@PGXD_??@?A?A??_?G??g?AO?BG?Ao??????G??@???C???C???C???@O???Q???@c???D_
 ---------------------------------- 
 Index = 422 
 Group = (A5 x A5) : D8 
 Generators = [(18,19)(20,21)(22,23)(24,25)(26,27)(28,29), (16,17)(18,19)(20,23)(21,22)(24,27)(25,26), (16,18)(17,19)(20,26)(21,24)(22,27)(23,25), (15,16)(18,20)(19,21)(24,25)(26,28)(27,29), (3,4)(5,6)(7,8)(9,10)(11,12)(13,14), (1,2)(3,4)(5,8)(6,7)(9,12)(10,11), (1,3)(2,4)(5,11)(6,9)(7,12)(8,10), (0,1)(3,5)(4,6)(9,10)(11,13)(12,14), (0,15)(1,16)(2,17)(3,18)(4,19)(5,20)(6,21)(7,22)(8,23)(9,24)(10,25)(11,26)(12,27)(13,28)(14,29)] 
 Graph = ]{dAH?`C_WAEAQ@J?YO????C??W??_??c??G??AG??G???`???c???W???Oo??AQ???HW???YO
 ---------------------------------- 
 Index = 451 
 Group = (A6 x A6) : D8 
 Generators = [(22,23)(24,25)(26,27)(28,29), (18,20)(19,21)(26,28)(27,29), (18,21)(19,20)(22,25)(23,24), (16,17)(20,21)(22,26)(23,27)(24,29)(25,28), (16,18)(17,19)(24,26)(25,27), (15,16)(18,25)(19,23)(20,24)(21,22)(27,28), (7,8)(9,10)(11,12)(13,14), (3,5)(4,6)(11,13)(12,14), (3,6)(4,5)(7,10)(8,9), (1,2)(5,6)(7,11)(8,12)(9,14)(10,13), (1,3)(2,4)(9,11)(10,12), (0,1)(3,10)(4,8)(5,9)(6,7)(12,13), (0,15)(1,16)(2,17)(3,18)(4,19)(5,20)(6,21)(7,22)(8,23)(9,24)(10,25)(11,26)(12,27)(13,28)(14,29)] 
 Graph = ]{eCIhSQqTEXKkJQde_????C??W??_??c??O??CG??T??@S??AU??AT???rG??Kk??@YS??De_
 ---------------------------------- 
 Index = 456 
 Group = (A5 x A5 x A5) : (C2 x S4) 
 Generators = [(22,23)(25,26)(27,28), (21,22)(24,25)(28,29), (21,24)(22,25)(23,26), (20,21)(25,27)(26,28), (12,13)(15,16)(17,18), (11,12)(14,15)(18,19), (11,14)(12,15)(13,16), (10,11)(15,17)(16,18), (10,20)(11,21)(12,22)(13,23)(14,24)(15,25)(16,26)(17,27)(18,28)(19,29), (2,3)(5,6)(7,8), (1,2)(4,5)(8,9), (1,4)(2,5)(3,6), (0,1)(5,7)(6,8), (0,10)(1,11)(2,12)(3,13)(4,14)(5,15)(6,16)(7,17)(8,18)(9,19)] 
 Graph = ]~qkzXZLw??@?B?B_@_?T?A[?Eo?JW?E{??????G??@_??F???K???I_??Cw???u???Dk???Lw
 ---------------------------------- 
 Index = 460 
 Group = (C3 x C3 x C3 x C3 x C3) : (C2 x (((C2 x C2 x C2 x C2) : C5) : C4)) 
 Generators = [(14,15)(26,27), (13,14)(25,26), (11,12)(23,24), (10,11)(22,23), (8,9)(28,29), (6,7)(18,19), (5,6)(17,18), (3,4)(20,21), (2,5)(3,6)(4,7)(10,13)(11,14)(12,15)(16,17)(18,20)(19,21)(22,25)(23,26)(24,27), (0,1)(2,22,5,25)(3,23,6,26)(4,24,7,27)(8,28)(9,29)(10,17,13,16)(11,18,14,20)(12,19,15,21), (0,2)(1,16)(3,8)(4,9)(5,10)(6,11)(7,12)(17,22)(18,23)(19,24)(20,28)(21,29)] 
 Graph = ]saCC?~NpoF?M?@r_xoM[G??C?GC?OA?OO?FA?@q?OMG?_wO?`oO?QKG?DEA??p_?G?B{?O?No
 ---------------------------------- 
 Index = 487 
 Group = (C3 x C3 x C3 x C3 x C3) : (C2 x (((C2 x C2 x C2 x C2) : C5) : C4)) 
 Generators = [(15,16)(26,27), (14,15)(27,28), (12,13)(23,24), (11,12)(24,25), (7,8)(19,20), (6,7)(20,21), (4,5)(17,18), (3,4)(18,22), (3,6)(4,7)(5,8)(11,14)(12,15)(13,16)(17,19)(18,20)(21,22)(23,26)(24,27)(25,28), (1,2)(9,10), (0,1)(2,9)(3,23,6,26)(4,24,7,27)(5,25,8,28)(10,29)(11,19,14,17)(12,20,15,18)(13,21,16,22), (0,3)(1,17)(2,18)(4,9)(5,10)(6,11)(7,12)(8,13)(19,23)(20,24)(21,25)(22,29)] 
 Graph = ]saCCA?Vx~B_F?F??[wFM?xoW??g??E?KA_E?W@_W?Bk?oMW@O[W?o[K?EpB?@[OW?Fa??W?Fw
 ---------------------------------- 
 Index = 501 
 Group = (C5 x C5 x C5) : (A4 : C4) 
 Generators = [(17,18)(19,20)(26,27)(28,29), (16,17)(18,19)(25,26)(27,29), (4,5)(6,7)(12,13)(14,15), (3,4)(5,6)(11,12)(13,15), (1,2)(9,10)(21,22)(23,24), (0,1)(2,9)(8,23)(22,24), (0,3)(1,4)(2,5)(6,9)(7,10)(8,11)(12,23)(13,24)(14,21)(15,22)(16,25)(17,29,18,28)(19,27,20,26), (0,8)(1,22,2,21)(3,16)(4,17)(5,18)(6,19)(7,20)(9,24,10,23)(11,25)(12,26)(13,27)(14,28)(15,29)] 
 Graph = ]v~vVM?Vp}a?A?@?_GoCI?G??_G@?O@?G?_B?IBw@_^G?@}G?Bz?@}???}_??Nc@?@{GW?Fp@O
 ---------------------------------- 
 Index = 516 
 Group = C2 x ((C2 x C2 x C2 x C2 x C2 x C2 x C2 x C2 x C2 x C2) : ((C2 x C2 x C2 x C2) : S5)) 
 Generators = [(28,29), (26,27), (24,25), (22,23), (20,21), (18,19), (16,17), (14,15), (12,13), (10,11), (6,7), (5,6)(7,8)(10,12)(11,13)(14,16)(15,17)(18,20)(19,21)(22,24)(23,25)(26,28)(27,29), (5,8), (2,3), (1,2)(3,4)(5,6)(7,8)(10,16)(11,17)(12,14)(13,15)(18,24)(19,25)(20,22)(21,23), (1,4), (1,6)(2,5)(3,8)(4,7)(10,24)(11,25)(12,20)(13,21)(14,22)(15,23)(16,18)(17,19), (0,1)(4,9)(5,10)(6,12)(7,13)(8,11)(14,16)(15,17)(22,26)(23,27)(24,28)(25,29)] 
 Graph = ]}mCKIB^yOH?QBQBE?@_?K?Ko?oHW?HW?BB??oo?H@e?cEW?oBK?oBK?@`wW?W]E??{N??Bo{?
 ---------------------------------- 
 Index = 531 
 Group = (A6 x A6) : D8 
 Generators = [(18,19)(22,23)(25,26)(27,28), (17,18)(21,22)(24,25)(28,29), (16,17)(20,21)(25,27)(26,28), (16,20)(17,21)(18,22)(19,23), (15,16)(21,24)(22,25)(23,26), (3,4)(7,8)(10,11)(12,13), (2,3)(6,7)(9,10)(13,14), (1,2)(5,6)(10,12)(11,13), (1,5)(2,6)(3,7)(4,8), (0,1)(6,9)(7,10)(8,11), (0,15)(1,16)(2,17)(3,18)(4,19)(5,20)(6,21)(7,22)(8,23)(9,24)(10,25)(11,26)(12,27)(13,28)(14,29)] 
 Graph = ]~~DKmNXaihfKuIlbLw????C??W??w??{??W??DG??d_?AN??BK??Ai_?@Kw??Ku??@Tk??BLw
 ---------------------------------- 
 Index = 533 
 Group = (C3 x C3 x C3 x C3 x C3 x C3 x C3 x C3 x C3 x C3) : ((C2 x C2 x C2 x C2 x C2 x C2) : ((C2 x C2 x C2 x C2) : S5)) 
 Generators = [(28,29), (27,28), (25,26), (24,25), (22,23), (21,22), (19,20), (18,19), (16,17), (15,16), (13,14), (12,13), (12,15)(13,16)(14,17)(18,21)(19,22)(20,23)(24,27)(25,28)(26,29), (10,11), (8,9), (7,8), (5,6), (4,5), (4,7)(5,8)(6,9)(18,24)(19,25)(20,26)(21,27)(22,28)(23,29), (2,3), (1,2), (1,4)(2,5)(3,6)(12,18)(13,19)(14,20)(15,21)(16,22)(17,23)(24,27)(25,28)(26,29), (0,1)(2,10)(3,11)(4,12)(5,13)(6,14)(7,15)(8,16)(9,17)(21,24)(22,25)(23,26)] 
 Graph = ]saCCA?_B~n}[?[?M?B_?[?@o??[F?[F?MB_B_F?[?w@oB_?[wF?[wF?M[B_B_~??[Fw?@o^_?
 ---------------------------------- 
 Index = 584 
 Group = C2 x ((C2 x C2 x C2 x C2) : ((C2 x C2 x C2 x C2 x C2 x C2 x C2 x C2 x C2 x C2) : S5)) 
 Generators = [(28,29), (26,27), (24,25), (22,23), (20,21), (18,19), (16,17), (14,15), (12,13), (10,11), (8,9), (6,7), (6,8)(7,9)(10,12)(11,13)(14,16)(15,17)(18,20)(19,21)(22,24)(23,25)(26,28)(27,29), (4,5), (2,3), (2,4)(3,5)(6,8)(7,9)(10,16)(11,17)(12,14)(13,15)(18,24)(19,25)(20,22)(21,23), (2,8)(3,9)(4,6)(5,7)(10,24)(11,25)(12,20)(13,21)(14,22)(15,23)(16,18)(17,19), (0,1), (0,2)(1,3)(6,10)(7,11)(8,12)(9,13)(14,16)(15,17)(22,26)(23,27)(24,28)(25,29)] 
 Graph = ]~~}EFBox_E@KBKB`_?W@B?KK?wEW?EWC?r??KoGE@e?WEX?KBK?KBK_@`wW?W]F??{N??Bo{G
 ---------------------------------- 
 Index = 585 
 Group = (C3 x C3 x C3 x C3 x C3) : (C2 x (((C2 x C2 x C2 x C2) : C5) : C4)) 
 Generators = [(14,15)(28,29), (13,14)(27,28), (11,12)(25,26), (10,11)(24,25), (7,8)(22,23), (6,7)(21,22), (4,5)(19,20), (3,4)(18,19), (3,6)(4,7)(5,8)(10,13)(11,14)(12,15)(18,21)(19,22)(20,23)(24,27)(25,28)(26,29), (1,2)(16,17), (0,1)(9,16), (0,3)(1,4)(2,5)(6,10)(7,11)(8,12)(9,18)(16,19)(17,20)(21,24)(22,25)(23,26), (0,9)(1,16)(2,17)(3,24,6,27)(4,25,7,28)(5,26,8,29)(10,21,13,18)(11,22,14,19)(12,23,15,20)] 
 Graph = ]~~~FFb_?wB`FB?z_\wF^OC?_OG_??O?CC?B?_?wA?F_C?^?EBF?DBF_APbw?a^??CJwC?O^_W
 ---------------------------------- 
 Index = 619 
 Group = C2 x ((C2 x C2 x C2 x C2) : S5) 
 Generators = [(6,7)(14,15)(20,21), (5,6)(7,8)(9,10)(12,14)(13,15)(16,17)(18,20)(19,21)(22,23)(24,25)(26,27)(28,29), (5,8)(12,13)(18,19), (2,3)(22,24)(23,25), (1,2)(3,4)(5,6)(7,8)(12,20)(13,21)(14,18)(15,19)(16,23)(17,22)(24,27)(25,26), (1,4)(16,26)(17,27), (1,6)(2,5)(3,8)(4,7)(12,23)(13,25)(14,17)(15,27)(16,20)(18,22)(19,24)(21,26), (0,1)(4,11)(5,13)(6,14)(7,15)(8,12)(9,16)(10,17)(20,21)(22,23)(24,25)(26,28)(27,29)] 
 Graph = ]}mCKIB_C?N{RCQKHPYQUPK@BG@gQH`SGqOZKSIpHPoCYW_DIM@CspA@e?fOUOUI?BqLW?SvIO
 ---------------------------------- 
 Index = 620 
 Group = C2 x ((C2 x C2 x C2 x C2) : S5) 
 Generators = [(6,7)(14,15)(20,21), (5,6)(7,8)(9,10)(12,14)(13,15)(16,17)(18,20)(19,21)(22,23)(24,25)(26,27)(28,29), (5,8)(12,13)(18,19), (2,3)(22,24)(23,25), (1,2)(3,4)(5,6)(7,8)(12,20)(13,21)(14,18)(15,19)(16,23)(17,22)(24,27)(25,26), (1,4)(16,26)(17,27), (1,6)(2,5)(3,8)(4,7)(12,23)(13,25)(14,17)(15,27)(16,20)(18,22)(19,24)(21,26), (0,1)(4,11)(5,12)(6,14)(7,15)(8,13)(9,16)(10,17)(22,23)(24,25)(26,28)(27,29)] 
 Graph = ]}mCKIB_C?n{RCQKHPYQUPK@BGHgSH`QGqOjKSEpHPoCYW`DIM?Csp?`e?FOUOEJ?@qLW?CvIW
 ---------------------------------- 
 Index = 637 
 Group = (A5 x A5) : D8 
 Generators = [(16,19)(17,20)(18,23)(21,22)(24,25)(28,29), (16,20)(17,22)(18,19)(21,23)(26,28)(27,29), (16,21)(17,18)(19,22)(20,23)(26,27)(28,29), (15,16,20)(17,28,23)(18,24,19)(21,26,22)(25,27,29), (1,4)(2,5)(3,8)(6,7)(9,10)(13,14), (1,5)(2,7)(3,4)(6,8)(11,13)(12,14), (1,6)(2,3)(4,7)(5,8)(11,12)(13,14), (0,1,5)(2,13,8)(3,9,4)(6,11,7)(10,12,14), (0,15)(1,16)(2,17)(3,18)(4,19)(5,20)(6,21)(7,22)(8,23)(9,24)(10,25)(11,26)(12,27)(13,28)(14,29)] 
 Graph = ]~z^c}nplqlzU}\^fvo????C??W??w??w??Z??F_??f_?An??EL??Dq_?@nW??U}??Bj{??Fvo
 ---------------------------------- 
 Index = 645 
 Group = (C3 x C3 x C3 x C3 x C3) : (C2 x (((C2 x C2 x C2 x C2) : C5) : C4)) 
 Generators = [(16,17)(27,28), (15,16)(28,29), (13,14)(24,25), (12,13)(25,26), (7,8)(21,22), (6,7)(22,23), (4,5)(18,19), (3,4)(19,20), (3,6)(4,7)(5,8)(12,15)(13,16)(14,17)(18,21)(19,22)(20,23)(24,27)(25,28)(26,29), (1,2)(9,10), (0,1)(10,11), (0,3)(1,4)(2,5)(6,12)(7,13)(8,14)(9,18)(10,19)(11,20)(21,24)(22,25)(23,26), (0,9)(1,10)(2,11)(3,24,6,27)(4,25,7,28)(5,26,8,29)(12,21,15,18)(13,22,16,19)(14,23,17,20)] 
 Graph = ]~~~FFboD?kBF?F?b_WFF?w{Bbwo??g?CK?B?o?wD?F_K?^?FoF?FgF_BkBw?wv??FDwC?[N_W
 ---------------------------------- 
 Index = 657 
 Group = (C5 x C5 x C5) : (A4 : C4) 
 Generators = [(20,21)(22,23)(25,26)(27,28), (19,21)(20,23)(26,28)(27,29), (4,5)(6,7)(14,15)(16,17), (3,5)(4,7)(15,17)(16,18), (1,2)(8,9)(10,11)(12,13), (0,1)(2,12)(8,11)(9,24), (0,3,1,4)(2,5,12,6)(7,13)(8,16,11,14)(9,17,24,18)(10,15)(19,28,23,25)(20,26,22,29)(21,27), (0,8,12,10)(1,9)(2,11,13,24)(3,19)(4,20)(5,21)(6,22)(7,23)(14,25)(15,26)(16,27)(17,28)(18,29)] 
 Graph = ]v~vVN?gN?{CV}N|bg?{?EoGV?W]@_@w??{@?N?O@w@?F_BWBo^??N|??F~??@~Y??NvK??}|_
 ---------------------------------- 
 Index = 710 
 Group = C2 x ((C2 x C2 x C2 x C2) : S5) 
 Generators = [(7,8)(14,15)(20,21), (6,7)(8,9)(10,11)(12,14)(13,15)(16,17)(18,20)(19,21)(22,23)(24,25)(26,27)(28,29), (6,9)(12,13)(18,19), (4,5)(22,24)(23,25), (2,3)(16,26)(17,27), (2,4)(3,5)(6,7)(8,9)(12,20)(13,21)(14,18)(15,19)(16,23)(17,22)(24,27)(25,26), (2,7)(3,8)(4,6)(5,9)(12,23)(13,25)(14,17)(15,27)(16,20)(18,22)(19,24)(21,26), (0,1)(10,28)(11,29), (0,2)(1,3)(6,13)(7,14)(8,15)(9,12)(10,16)(11,17)(20,21)(22,23)(24,25)(26,28)(27,29)] 
 Graph = ]~~}EFBo{?O?KaKEeGx`NGe?`c?[IGWkKLGZBIIwSho@LW_@dMB@YpBAR@fObG]IOBqLX?KvIO
 ---------------------------------- 
 Index = 711 
 Group = C2 x ((C2 x C2 x C2 x C2) : S5) 
 Generators = [(7,8)(14,15)(20,21), (6,7)(8,9)(10,11)(12,14)(13,15)(16,17)(18,20)(19,21)(22,23)(24,25)(26,27)(28,29), (6,9)(12,13)(18,19), (4,5)(22,24)(23,25), (2,3)(16,26)(17,27), (2,4)(3,5)(6,7)(8,9)(12,20)(13,21)(14,18)(15,19)(16,23)(17,22)(24,27)(25,26), (2,7)(3,8)(4,6)(5,9)(12,23)(13,25)(14,17)(15,27)(16,20)(18,22)(19,24)(21,26), (0,1)(10,28)(11,29), (0,2)(1,3)(6,12)(7,14)(8,15)(9,13)(10,16)(11,17)(22,23)(24,25)(26,28)(27,29)] 
 Graph = ]~~}EFBo{?O@KaKEeGx`NGe?`cG[KGWiKLGjBIEwSho@LW`@dMA@Yp@aR@FObGMJOAqLX?CvIW
 ---------------------------------- 
 Index = 713 
 Group = (C3 x C3 x C3 x C3 x C3 x C3 x C3 x C3 x C3 x C3) : ((C2 x C2 x C2 x C2) : (((C2 x C2 x C2 x C2 x C2) : A5) : (C2 x C2))) 
 Generators = [(28,29), (27,28), (25,26), (24,25), (22,23), (21,22), (19,20), (18,19), (16,17), (15,16), (13,14), (12,13), (12,15)(13,16)(14,17)(18,21)(19,22)(20,23)(24,27)(25,28)(26,29), (10,11), (9,10), (7,8), (6,7), (6,9)(7,10)(8,11)(18,24)(19,25)(20,26)(21,27)(22,28)(23,29), (4,5), (3,4), (3,6)(4,7)(5,8)(12,18)(13,19)(14,20)(15,21)(16,22)(17,23)(24,27)(25,28)(26,29), (1,2), (0,1), (0,3)(1,4)(2,5)(6,12)(7,13)(8,14)(9,15)(10,16)(11,17)(21,24)(22,25)(23,26)] 
 Graph = ]~~~FFbwF?{BF?F?b_Ww?F?C[?WFF?FFCBbb?wF?F?w_[Bb?FwF?FwF_B{Bw?w~??FFwC?[^_W
 ---------------------------------- 
 Index = 752 
 Group = C2 x ((C2 x C2 x C2 x C2 x C2 x C2 x C2 x C2 x C2 x C2 x C2 x C2 x C2 x C2) : S6) 
 Generators = [(28,29), (26,27), (24,25), (22,23), (20,21), (18,19), (16,17), (14,15), (14,16)(15,17)(18,20)(19,21)(22,24)(23,25)(26,28)(27,29), (11,12), (9,10), (6,7), (5,8), (5,9)(6,11)(7,12)(8,10)(22,26)(23,27)(24,28)(25,29), (5,11)(6,9)(7,10)(8,12)(14,20)(15,21)(16,18)(17,19), (2,3), (1,2)(3,4)(9,11)(10,12)(14,22)(15,23)(16,24)(17,25)(18,28)(19,29)(20,26)(21,27), (1,5)(2,6)(3,7)(4,8)(18,22)(19,23)(20,24)(21,25), (0,1)(4,13)(5,20)(6,16)(7,17)(8,21)(9,18)(10,19)(11,14)(12,15)(24,26)(25,27)] 
 Graph = ]}mCKIB_C?OB_E^~hfAXoRM@KwAULaUL`JEKQpb@hL`ecuELHboLHboEZEEXep`eKuBr?rWNK?
 ---------------------------------- 
 Index = 817 
 Group = (C5 x C5 x C5) : (C4 x S4) 
 Generators = [(9,10)(11,12)(17,18)(19,20), (8,9)(10,11)(16,17)(18,20), (4,5)(6,7)(22,23)(24,25), (3,4)(5,6)(21,22)(23,25), (3,8)(4,9)(5,10)(6,11)(7,12)(16,21)(17,22)(18,23)(19,24)(20,25), (1,2)(14,15)(26,27)(28,29), (0,1)(2,14)(13,28)(27,29), (0,3)(1,4)(2,5)(6,14)(7,15)(8,16)(9,20,10,19)(11,18,12,17)(13,21)(22,28)(23,29)(24,26)(25,27)] 
 Graph = ]v~vVN_wN@[AwB_?J~p~|FwO^P?}QG}EW^DICNo?P}??fw@?^oE?noD??J~w?B^}O?B~w_?N~W
 ---------------------------------- 
 Index = 818 
 Group = (C5 x C5 x C5) : (C4 x S4) 
 Generators = [(7,8)(9,10)(18,19)(20,21), (6,7)(8,9)(17,18)(19,21), (4,5)(11,12)(22,23)(24,25), (3,6)(4,7)(5,8)(9,11)(10,12)(16,17)(18,22)(19,23)(20,24)(21,25), (1,2)(14,15)(26,27)(28,29), (0,1)(2,14)(13,28)(27,29), (0,3)(1,4)(2,5)(11,14)(12,15)(13,16)(22,28)(23,29)(24,26)(25,27), (0,13)(1,27,2,26)(3,16)(4,25,5,24)(6,17)(7,21,8,20)(9,19,10,18)(11,23,12,22)(14,29,15,28)] 
 Graph = ]v~v~~}~Vx|^x~_?J~p~|C?OA@GAAO@AS?HM?CROOAN__G~??r}?@R|??J~w?B^}O?B~w_?N~W
 ---------------------------------- 
 Index = 886 
 Group = C2 x ((C2 x C2 x C2 x C2 x C2 x C2 x C2 x C2 x C2 x C2 x C2 x C2 x C2 x C2) : S6) 
 Generators = [(28,29), (26,27), (24,25), (22,23), (20,21), (18,19), (16,17), (14,15), (14,16)(15,17)(18,20)(19,21)(22,24)(23,25)(26,28)(27,29), (12,13), (10,11), (8,9), (6,7), (6,10)(7,11)(8,12)(9,13)(22,26)(23,27)(24,28)(25,29), (6,12)(7,13)(8,10)(9,11)(14,20)(15,21)(16,18)(17,19), (4,5), (2,3), (2,4)(3,5)(10,12)(11,13)(14,22)(15,23)(16,24)(17,25)(18,28)(19,29)(20,26)(21,27), (2,6)(3,7)(4,8)(5,9)(18,22)(19,23)(20,24)(21,25), (0,1), (0,2)(1,3)(6,20)(7,21)(8,16)(9,17)(10,18)(11,19)(12,14)(13,15)(24,26)(25,27)] 
 Graph = ]~~}EFBo}?W@oBoBeX`eXKr?rKH`f``fcorKKKrG]F``w]FBoroBoro`feEWXx`fBNBr?K{NKG
 ---------------------------------- 
 Index = 1070 
 Group = (C5 x C5 x C5) : (C4 x S4) 
 Generators = [(9,10)(11,12)(19,20)(21,22), (8,10)(9,12)(20,22)(21,23), (4,5)(6,7)(24,25)(26,27), (3,5)(4,7)(25,27)(26,28), (3,8)(4,9)(5,10)(6,11)(7,12)(19,24)(20,25)(21,26)(22,27)(23,28), (1,2)(13,14)(15,16)(17,18), (0,1)(2,17)(14,15)(16,29), (0,3)(1,4,2,5)(6,18,7,17)(8,22,12,19)(9,20,11,23)(10,21)(13,25,14,24)(15,26,16,27)(28,29)] 
 Graph = ]v~vVN_wN@[AwBw?[?E?@g?T^~X~|w~vo^|wF|}O~^pbz~KF^}?Fn}?B^~?On~oBB~}?p_@f~w
 ---------------------------------- 
 Index = 1071 
 Group = (C5 x C5 x C5) : (C4 x S4) 
 Generators = [(7,8)(9,10)(23,24)(25,26), (6,8)(7,10)(24,26)(25,27), (4,5)(11,12)(19,20)(21,22), (3,5)(4,12)(20,22)(21,28), (3,6)(4,7)(5,8)(9,11)(10,12)(19,23)(20,24)(21,25)(22,26)(27,28), (1,2)(13,14)(15,16)(17,18), (0,1)(2,17)(14,15)(16,29), (0,3)(1,4,2,5)(11,18,12,17)(13,20,14,19)(15,21,16,22)(28,29), (0,13,2,16)(1,29,18,15)(3,22,12,19)(4,20,11,28)(5,21)(6,26,10,23)(7,24,9,27)(8,25)(14,17)] 
 Graph = ]v~v~~}~Vx|^x~w?[?E?@g?T^~X~|wwFo[DwE@}OgNp_\NN?{]]?u]^?VNNWBrr{B@}X|_@f~w
 ---------------------------------- 
 Index = 1140 
 Group = C2 x ((C2 x C2 x C2 x C2 x C2 x C2 x C2 x C2 x C2 x C2 x C2 x C2 x C2 x C2) : S6) 
 Generators = [(28,29), (26,27), (24,25), (22,23), (20,21), (18,19), (15,16), (13,14), (11,12), (8,9), (4,5), (3,4)(5,6)(13,15)(14,16)(20,22)(21,23)(24,26)(25,27), (3,6), (2,3)(6,7)(11,13)(12,14)(18,20)(19,21)(26,28)(27,29), (2,7), (1,2)(7,10)(8,11)(9,12)(20,24)(21,25)(22,26)(23,27), (1,8)(2,11)(3,13)(4,15)(5,16)(6,14)(7,12)(9,10), (1,10), (0,1)(10,17)(11,18)(12,19)(13,20)(14,21)(15,22)(16,23)] 
 Graph = ]~~v]~?oD~sMg[clqUsXnbLx~~zB{BB{@QxbSmWqXovhfB]Kpw{Kpw{DgrXxYKu]F_]N{]@w~o
 ---------------------------------- 
 Index = 1228 
 Group = C2 x ((C2 x C2 x C2 x C2 x C2 x C2 x C2 x C2 x C2 x C2 x C2 x C2 x C2 x C2) : S6) 
 Generators = [(28,29), (26,27), (24,25), (22,23), (20,21), (18,19), (16,17), (14,15), (12,13), (10,11), (8,9), (6,7), (6,8)(7,9)(14,16)(15,17)(20,22)(21,23)(24,26)(25,27), (4,5), (4,6)(5,7)(12,14)(13,15)(18,20)(19,21)(26,28)(27,29), (2,3), (2,4)(3,5)(10,12)(11,13)(20,24)(21,25)(22,26)(23,27), (2,10)(3,11)(4,12)(5,13)(6,14)(7,15)(8,16)(9,17), (0,1), (0,2)(1,3)(12,18)(13,19)(14,20)(15,21)(16,22)(17,23)] 
 Graph = ]~~~~~~~~_]@rBrBwX}E^oN~?~xw]@w]CrKrKrKx`w^eF`~Bo{{Bo{{`eXxwXe]^?{NN{Bo{~w
 ---------------------------------- 
 Index = 1241 
 Group = (C5 x C5 x C5) : (A4 : C4) 
 Generators = [(9,10)(11,12)(15,16)(17,18), (8,9)(10,11)(14,15)(16,18), (4,5)(6,7)(22,23)(24,25), (3,4)(5,6)(21,22)(23,25), (1,2)(19,20)(26,27)(28,29), (0,1)(2,19)(13,28)(27,29), (0,3,8)(1,4,9)(2,5,10)(6,11,19)(7,12,20)(13,21,14)(15,28,22)(16,29,23)(17,26,24)(18,27,25), (0,13)(1,26,2,27)(3,14)(4,18)(5,17)(6,16)(7,15)(8,21)(9,24)(10,25)(11,22)(12,23)(19,28,20,29)] 
 Graph = ]v~vVN~~~~^y~rfo[CN?awAV_Bv?JQ~|{~}~CN~_P~{?f~p?^~e?n~dBwNvw}B}}VoNfw~?}^W
 ---------------------------------- 
 Index = 1271 
 Group = C2 x ((C2 x C2 x C2 x C2) : S5) 
 Generators = [(6,7)(12,13)(20,21), (4,5)(9,10)(25,26), (2,3)(14,15)(22,23), (1,6)(2,4)(3,5)(7,11)(8,12)(9,14)(10,15)(13,16)(20,24)(21,27)(22,25)(23,26), (1,10)(2,13)(3,12)(4,16)(5,8)(6,15)(7,14)(9,11)(20,22)(21,23)(24,25)(26,27), (1,11)(8,16)(24,27), (1,16)(2,10)(3,9)(4,15)(5,14)(6,13)(7,12)(8,11)(17,18)(22,25)(23,26)(28,29), (0,1,10)(2,23,15)(3,22,14)(4,28,16)(5,17,8)(6,21,13)(7,20,12)(9,19,11)(18,24,25)(26,29,27)] 
 Graph = ]}~v~zoqMHVzbmb]S^[fukF~B[txER~~pq|M[^bbW}ljb{uRo~bMyNke}FuO^NkZOvK~{{bL~o
 ---------------------------------- 
 Index = 1272 
 Group = C2 x ((C2 x C2 x C2 x C2) : S5) 
 Generators = [(6,7)(12,13)(20,21), (4,5)(9,10)(25,26), (2,3)(14,15)(22,23), (1,6)(2,4)(3,5)(7,11)(8,12)(9,14)(10,15)(13,16)(20,24)(21,27)(22,25)(23,26), (1,8)(2,9)(3,10)(4,14)(5,15)(6,12)(7,13)(11,16)(17,18)(22,25)(23,26)(28,29), (1,9)(2,12)(3,13)(4,8)(5,16)(6,14)(7,15)(10,11)(20,22)(21,23)(24,25)(26,27), (1,11)(8,16)(24,27), (0,1,9)(2,22,14)(3,23,15)(4,17,8)(5,28,16)(6,20,12)(7,21,13)(10,19,11)(18,24,25)(26,29,27)] 
 Graph = ]}~v~zoqMHVzbmb]S^[fukF~B[txEZ~~pq}M[^RbW~LjbyuRw|bM{Nke|FuO]N{ZOvK^{{bH~w
 ---------------------------------- 
 Index = 1279 
 Group = (C3 x C3 x C3 x C3 x C3 x C3 x C3 x C3 x C3 x C3) : ((C2 x C2 x C2 x C2) : (((C2 x C2 x C2 x C2 x C2) : A5) : (C2 x C2))) 
 Generators = [(28,29), (27,28), (25,26), (24,25), (22,23), (21,22), (19,20), (17,18), (16,17), (14,15), (13,14), (11,12), (9,10), (8,9), (6,7), (4,5), (3,4), (2,3)(4,6)(5,7)(13,16)(14,17)(15,18)(21,24)(22,25)(23,26), (2,6), (1,2)(6,11)(7,12)(8,13)(9,14)(10,15)(24,27)(25,28)(26,29), (1,8)(2,13)(3,16)(4,17)(5,18)(6,14)(7,15)(9,11)(10,12), (1,11), (0,1)(11,19)(12,20)(13,21)(14,22)(15,23)(16,24)(17,25)(18,26)] 
 Graph = ]~ze}z?oE?V~n}g}S^DFofM][xsxrb~~|~~}W~{BF~_K^}?VNbfVNbfJfpr`}B{~No^fw~@}^_
 ---------------------------------- 
 Index = 1314 
 Group = (A5 x A5) : D8 
 Generators = [(8,9)(10,11)(12,13)(14,15)(16,17)(18,19), (6,7)(8,9)(10,13)(11,12)(14,17)(15,16), (6,8)(7,9)(10,16)(11,14)(12,17)(13,15), (5,6)(8,10)(9,11)(14,15)(16,18)(17,19), (3,4)(20,21)(22,23)(24,25)(26,27)(28,29), (1,2)(3,4)(20,23)(21,22)(24,27)(25,26), (1,3)(2,4)(20,26)(21,24)(22,27)(23,25), (0,1)(3,20)(4,21)(24,25)(26,28)(27,29), (0,5)(1,6)(2,7)(3,8)(4,9)(10,20)(11,21)(12,22)(13,23)(14,24)(15,25)(16,26)(17,27)(18,28)(19,29)] 
 Graph = ]{f~~~{~Ns^P}O}O~Cfoo}GZwQVoQvoLHF~~P~~xN~}C~~xD~~sB~~wA~~wo^~}Q@~~xWF~~YO
 ---------------------------------- 
 Index = 1323 
 Group = (C3 x C3 x C3 x C3 x C3) : (C2 x (((C2 x C2 x C2 x C2) : C5) : C4)) 
 Generators = [(20,21)(28,29), (12,13)(26,27), (11,12)(25,26), (9,10)(23,24), (8,9)(22,23), (6,7)(16,17), (5,6)(15,16), (3,4)(18,19), (2,3)(14,18), (2,5)(3,6)(4,7)(8,11)(9,12)(10,13)(14,15)(16,18)(17,19)(22,25)(23,26)(24,27), (0,1)(2,11,5,8)(3,12,6,9)(4,13,7,10)(14,25,15,22)(16,23,18,26)(17,24,19,27)(20,28)(21,29), (0,2)(1,14)(3,20)(4,21)(5,22)(6,23)(7,24)(8,15)(9,16)(10,17)(18,28)(19,29)] 
 Graph = ]}rEEB~~v}^w~o~oSw|xpmmIxwcmM{]Mw~~~N~~rpN}NA~w]B~oP~Nrg~VxqNr}[N~oJ{~~?^o
 ---------------------------------- 
 Index = 1355 
 Group = C2 x ((C2 x C2 x C2 x C2) : S5) 
 Generators = [(8,9)(14,15)(20,21), (6,7)(11,12)(25,26), (4,5)(16,17)(22,23), (2,3)(10,13)(24,27), (2,8)(3,9)(4,6)(5,7)(10,14)(11,16)(12,17)(13,15)(20,24)(21,27)(22,25)(23,26), (2,12)(3,11)(4,15)(5,14)(6,13)(7,10)(8,17)(9,16)(20,22)(21,23)(24,25)(26,27), (2,13)(3,10)(4,12)(5,11)(6,17)(7,16)(8,15)(9,14)(18,19)(22,25)(23,26)(28,29), (0,1)(18,28)(19,29), (0,2,12)(1,3,11)(4,23,17)(5,22,16)(6,28,13)(7,18,10)(8,21,15)(9,20,14)(19,24,25)(26,29,27)] 
 Graph = ]~~~~~~~~W]P{RvBw\}E~qN~C~|`k[]R_{nRNFwxuLnewv^G{^rBmr{`nh}Wfp}^[Lb~|NHr~o
 ---------------------------------- 
 Index = 1356 
 Group = C2 x ((C2 x C2 x C2 x C2) : S5) 
 Generators = [(8,9)(14,15)(20,21), (6,7)(11,12)(25,26), (4,5)(16,17)(22,23), (2,3)(10,13)(24,27), (2,8)(3,9)(4,6)(5,7)(10,14)(11,16)(12,17)(13,15)(20,24)(21,27)(22,25)(23,26), (2,10)(3,13)(4,11)(5,12)(6,16)(7,17)(8,14)(9,15)(18,19)(22,25)(23,26)(28,29), (2,11)(3,12)(4,14)(5,15)(6,10)(7,13)(8,16)(9,17)(20,22)(21,23)(24,25)(26,27), (0,1)(18,28)(19,29), (0,2,11)(1,3,12)(4,22,16)(5,23,17)(6,18,10)(7,28,13)(8,20,14)(9,21,15)(19,24,25)(26,29,27)] 
 Graph = ]~~~~~~~~W]P{RvBw\}E~qN~C~|`k[]Rc{nbNFsxuLvewu~G}NrBnR{`nX}Wfb}^[Lbn|NHp~w
 ---------------------------------- 
 Index = 1358 
 Group = (C3 x C3 x C3 x C3 x C3) : (C2 x (((C2 x C2 x C2 x C2) : C5) : C4)) 
 Generators = [(13,14)(23,24), (12,13)(24,25), (10,11)(26,27), (9,10)(27,28), (7,8)(21,22), (5,6)(15,16), (4,5)(16,17), (2,3)(18,19), (1,2)(19,20), (1,4)(2,5)(3,6)(9,12)(10,13)(11,14)(15,18)(16,19)(17,20)(23,26)(24,27)(25,28), (0,1)(2,21)(3,22)(4,23)(5,24)(6,25)(7,18)(8,19)(12,15)(13,16)(14,17)(20,29), (0,7)(1,12,4,9)(2,13,5,10)(3,14,6,11)(8,21)(15,26,18,23)(16,27,19,24)(17,28,20,25)(22,29)] 
 Graph = ]saCF~}~~~^{~w~w^{FwF}_zuBf[w}{wy}[[^v~z|~~MNz{[^nw[^^w@~^{w^n~MBz~xp}^_^w
 ---------------------------------- 
 Index = 1381 
 Group = C2 x ((C2 x C2 x C2 x C2 x C2 x C2 x C2 x C2 x C2 x C2) : ((C2 x C2 x C2 x C2) : S5)) 
 Generators = [(28,29), (26,27), (24,25), (22,23), (19,20), (17,18), (15,16), (13,14), (10,11), (8,9), (6,7), (4,5), (2,3), (1,6)(2,4)(3,5)(7,12)(8,13)(9,14)(10,15)(11,16)(22,26)(23,27)(24,28)(25,29), (1,8)(2,15)(3,16)(4,10)(5,11)(6,13)(7,14)(9,12)(22,24)(23,25)(26,28)(27,29), (1,10)(2,8)(3,9)(4,13)(5,14)(6,15)(7,16)(11,12)(17,19)(18,20)(24,28)(25,29), (1,12), (0,1)(2,6)(3,7)(10,17)(11,18)(12,21)(13,22)(14,23)(15,24)(16,25)(19,26)(20,27)] 
 Graph = ]}~v~zKrF`}En~k~U^c^zb~ZBreFfDwW}{K]^~~zf{~M^r{^K~z^K~zHx~{Y]^~EN~XzK~|fko
 ---------------------------------- 
 Index = 1410 
 Group = (C3 x C3 x C3 x C3 x C3 x C3 x C3 x C3 x C3 x C3) : ((C2 x C2 x C2 x C2) : (((C2 x C2 x C2 x C2 x C2) : A5) : (C2 x C2))) 
 Generators = [(28,29), (27,28), (25,26), (24,25), (22,23), (21,22), (19,20), (18,19), (16,17), (15,16), (13,14), (12,13), (10,11), (9,10), (7,8), (6,7), (6,9)(7,10)(8,11)(15,18)(16,19)(17,20)(21,24)(22,25)(23,26), (4,5), (3,4), (3,6)(4,7)(5,8)(12,15)(13,16)(14,17)(24,27)(25,28)(26,29), (3,12)(4,13)(5,14)(6,15)(7,16)(8,17)(9,18)(10,19)(11,20), (1,2), (0,1), (0,3)(1,4)(2,5)(15,21)(16,22)(17,23)(18,24)(19,25)(20,26)] 
 Graph = ]~~~~~~~~~~~~?~?~_^FFww~bb~?~~?~~_^~Fw~?~Fwb{^bFFw~FFw~bb{^wFw~~?~F~{B{^~w
 ---------------------------------- 
 Index = 1416 
 Group = (C5 x C5 x C5) : (A4 : C4) 
 Generators = [(11,12)(13,14)(17,18)(19,20), (10,11)(12,13)(17,19)(20,21), (4,5)(6,7)(24,25)(26,27), (3,5)(4,7)(25,27)(26,28), (1,2)(8,9)(15,16)(22,23), (0,1)(2,22)(9,15)(16,29), (0,3,10)(1,4,11)(2,5,12)(6,13,22)(7,14,23)(8,25,18)(9,24,17)(15,26,19)(16,27,20)(21,29,28), (0,8,2,16)(1,29,23,15)(3,20)(4,18)(5,19)(6,21)(7,17)(9,22)(10,24)(11,28)(12,26)(13,25)(14,27)] 
 Graph = ]v~vVN~~v}^x~q~p^w]}_nwF_}~@}v@zz_zzwL~a~^~fz~~F^~{Fn~{B^~}On~~bB~~{p~oF~w
 ---------------------------------- 
 Index = 1418 
 Group = (A6 x A6) : D8 
 Generators = [(22,23)(24,25)(26,27)(28,29), (14,15)(16,17)(18,19)(20,21), (10,12)(11,13)(18,20)(19,21), (10,13)(11,12)(14,17)(15,16), (8,9)(12,13)(14,18)(15,19)(16,21)(17,20), (8,10)(9,11)(16,18)(17,19), (7,8)(10,17)(11,15)(12,16)(13,14)(19,20), (3,5)(4,6)(26,28)(27,29), (3,6)(4,5)(22,25)(23,24), (1,2)(5,6)(22,26)(23,27)(24,29)(25,28), (1,3)(2,4)(24,26)(25,27), (0,1)(3,25)(4,23)(5,24)(6,22)(27,28), (0,7)(1,8)(2,9)(3,10)(4,11)(5,12)(6,13)(14,22)(15,23)(16,24)(17,25)(18,26)(19,27)(20,28)(21,29)] 
 Graph = ]{eCN~~~~}^x~o~o~tV|S~hZ}dV{rN{qr}Ud~deaj~~in~}Q~~}Q~~|E^~~Hf~~kJ^~}Sl~~u_
 ---------------------------------- 
 Index = 1446 
 Group = (C3 x C3 x C3 x C3 x C3) : (C2 x (((C2 x C2 x C2 x C2) : C5) : C4)) 
 Generators = [(19,20)(23,24), (18,19)(22,23), (16,17)(26,27), (15,16)(25,26), (7,8)(10,11), (6,7)(9,10), (4,5)(13,14), (3,4)(12,13), (3,6)(4,7)(5,8)(9,12)(10,13)(11,14)(15,18)(16,19)(17,20)(22,25)(23,26)(24,27), (1,2)(28,29), (0,1)(21,28), (0,3)(1,4)(2,5)(6,22)(7,23)(8,24)(9,18)(10,19)(11,20)(12,21)(13,28)(14,29), (0,9,22,15)(1,10,23,16)(2,11,24,17)(3,12)(4,13)(5,14)(6,18,25,21)(7,19,26,28)(8,20,27,29)] 
 Graph = ]~~~FFb~fy~f{~y~{~~~F~w~~b~~wF~wF~{BfwFww~{bb~jFF~N?~{~_^|^wF~N~VwF~{~_^~w
 ---------------------------------- 
 Index = 1455 
 Group = C2 x ((C2 x C2 x C2 x C2 x C2 x C2 x C2 x C2 x C2 x C2) : ((C2 x C2 x C2 x C2) : S5)) 
 Generators = [(28,29), (26,27), (24,25), (22,23), (20,21), (18,19), (16,17), (14,15), (12,13), (10,11), (8,9), (6,7), (4,5), (2,3), (2,8)(3,9)(4,16)(5,17)(6,12)(7,13)(10,14)(11,15)(22,24)(23,25)(26,28)(27,29), (2,10)(3,11)(4,6)(5,7)(8,14)(9,15)(12,16)(13,17)(22,26)(23,27)(24,28)(25,29), (2,12)(3,13)(4,8)(5,9)(6,14)(7,15)(10,16)(11,17)(18,20)(19,21)(24,28)(25,29), (0,1), (0,2)(1,3)(4,10)(5,11)(12,18)(13,19)(14,22)(15,23)(16,24)(17,25)(20,26)(21,27)] 
 Graph = ]~~~~~r{~}^x~K~Kxf}X~o~~B~~`xf`xfNBNrorxx}^ffx~N{N~N{N~eX~}Xe^~fB~{~KN~r{w
 ---------------------------------- 
 Index = 1477 
 Group = (C3 x C3 x C3 x C3 x C3) : (C2 x (((C2 x C2 x C2 x C2) : C5) : C4)) 
 Generators = [(19,20)(26,27), (18,19)(27,28), (16,17)(23,24), (15,16)(24,25), (7,8)(9,10), (6,7)(10,11), (4,5)(12,13), (3,4)(13,14), (3,6)(4,7)(5,8)(9,12)(10,13)(11,14)(15,18)(16,19)(17,20)(23,26)(24,27)(25,28), (1,2)(21,22), (0,1)(22,29), (0,3)(1,4)(2,5)(6,23)(7,24)(8,25)(9,15)(10,16)(11,17)(12,21)(13,22)(14,29), (0,9,23,18)(1,10,24,19)(2,11,25,20)(3,12)(4,13)(5,14)(6,15,26,21)(7,16,27,22)(8,17,28,29)] 
 Graph = ]~~~FFb~v|~n}~|~|~~~w~~F~{^~FF~FF~bbvwF|~?~bb~^FF|~FFz~_^~zwF~|~?~~^|~_^~w
 ---------------------------------- 
 Index = 1485 
 Group = (A5 x A5 x A5) : (C2 x S4) 
 Generators = [(24,25)(26,27)(28,29), (18,19)(20,21)(22,23), (12,13)(14,15)(16,17), (10,11)(14,16)(15,17), (9,10)(12,14)(13,15)(16,17), (8,9)(10,12)(11,13)(15,16), (6,7)(20,22)(21,23), (5,6)(18,20)(19,21)(22,23), (4,5)(6,18)(7,19)(21,22), (4,8)(5,9)(6,10)(7,11)(12,18)(13,19)(14,20)(15,21)(16,22)(17,23), (2,3)(26,28)(27,29), (1,2)(24,26)(25,27)(28,29), (0,1)(2,24)(3,25)(27,28), (0,4)(1,5)(2,6)(3,7)(18,24)(19,25)(20,26)(21,27)(22,28)(23,29)] 
 Graph = ]s~~vr~~~~^{~s~s^xV}Q~pf~Dfh~~h~zq~}{n~Vb~{}N~kR~~~R~~~D~~~p^~~yF~~~c^~~|_
 ---------------------------------- 
 Index = 1499 
 Group = (A6 x A6) : D8 
 Generators = [(12,13)(16,17)(19,20)(21,22), (11,12)(15,16)(18,19)(22,23), (10,11)(14,15)(19,21)(20,22), (10,14)(11,15)(12,16)(13,17), (9,10)(15,18)(16,19)(17,20), (3,4)(7,8)(25,26)(27,28), (2,3)(6,7)(24,25)(28,29), (1,2)(5,6)(25,27)(26,28), (1,5)(2,6)(3,7)(4,8), (0,1)(6,24)(7,25)(8,26), (0,9)(1,10)(2,11)(3,12)(4,13)(5,14)(6,15)(7,16)(8,17)(18,24)(19,25)(20,26)(21,27)(22,28)(23,29)] 
 Graph = ]~~DKmN~~~~~~~~~~~F~h~{n~p~~Xf~TV~hf~xev~Il~{XnXf~~TV~~hf~~xe~~}In~~kX~~|w
 ---------------------------------- 
 Index = 1524 
 Group = (A5 x A5) : D8 
 Generators = [(10,13)(11,14)(12,17)(15,16)(18,19)(22,23), (10,14)(11,16)(12,13)(15,17)(20,22)(21,23), (10,15)(11,12)(13,16)(14,17)(20,21)(22,23), (9,10,14)(11,22,17)(12,18,13)(15,20,16)(19,21,23), (1,4)(2,5)(3,8)(6,7)(24,25)(28,29), (1,5)(2,7)(3,4)(6,8)(26,28)(27,29), (1,6)(2,3)(4,7)(5,8)(26,27)(28,29), (0,1,5)(2,28,8)(3,24,4)(6,26,7)(25,27,29), (0,9)(1,10)(2,11)(3,12)(4,13)(5,14)(6,15)(7,16)(8,17)(18,24)(19,25)(20,26)(21,27)(22,28)(23,29)] 
 Graph = ]~z^c}n~~~~~~~~~^~^~{~{~~t~~pn~mV~lz~yvv~\^~{}}pn~~mV~~lz~~yv~~}\^~~{}~~~o
 ---------------------------------- 
 Index = 1530 
 Group = (A5 x A5 x A5) : (C2 x S4) 
 Generators = [(16,17)(19,20)(21,22), (15,16)(18,19)(22,23), (15,18)(16,19)(17,20), (14,15)(19,21)(20,22), (9,10)(12,13)(24,25), (8,9)(11,12)(25,26), (8,11)(9,12)(10,13), (7,8)(12,24)(13,25), (7,14)(8,15)(9,16)(10,17)(11,18)(12,19)(13,20)(21,24)(22,25)(23,26), (2,3)(5,6)(27,28), (1,2)(4,5)(28,29), (1,4)(2,5)(3,6), (0,1)(5,27)(6,28), (0,7)(1,8)(2,9)(3,10)(4,11)(5,12)(6,13)(24,27)(25,28)(26,29)] 
 Graph = ]~qk~~~~~~~{~t~r~~~~~~~~~~~~~f~~V~~f~~uv~}l~~xn~ln~~j^~~r^~zZ~~~U~~~{v~~~w
 ---------------------------------- 
 