----------------------------------------------------------------------------- 
 	 No 1
 group = S5
 Size = 120
 Domain = {0, 1, 2, 3, 4, 5, 6, 7, 8, 9} 
 EKR True
 eigenvalues = [54, -6, -6, -6, -6, 6, 4]
 multiplicity = [1, 1, 16, 16, 25, 25, 36] 
 Blocks = []
 
----------------------------------------------------------------------------- 
----------------------------------------------------------------------------- 
 	 No 2
 group = S5
 Size = 120
 Domain = {0, 1, 2, 3, 4, 5, 6, 7, 8, 9} 
 EKR True
 eigenvalues = [54, -6, -6, -6, -6, 6, 4]
 multiplicity = [1, 1, 16, 16, 25, 25, 36] 
 Blocks = []
 
----------------------------------------------------------------------------- 
----------------------------------------------------------------------------- 
 	 No 3
 group = S5
 Size = 120
 Domain = {0, 1, 2, 3, 4, 5, 6, 7, 8, 9, 10, 11, 12, 13, 14} 
 EKR True
 eigenvalues = [64, 24, 4, -6, 0, -8, 4]
 multiplicity = [1, 1, 16, 16, 25, 25, 36] 
 Blocks = [[0, 13, 14]]
 
----------------------------------------------------------------------------- 
----------------------------------------------------------------------------- 
 	 No 4
 group = S6
 Size = 720
 Domain = {0, 1, 2, 3, 4, 5, 6, 7, 8, 9, 10, 11, 12, 13, 14} 
 EKR True
 eigenvalues = [304, 64, 16, -32, 16, 16, -16, -16, -8, 16, 4]
 multiplicity = [1, 1, 25, 25, 25, 25, 81, 81, 100, 100, 256] 
 Blocks = []
 
----------------------------------------------------------------------------- 
----------------------------------------------------------------------------- 
 	 No 5
 group = S6
 Size = 720
 Domain = {0, 1, 2, 3, 4, 5, 6, 7, 8, 9, 10, 11, 12, 13, 14} 
 EKR True
 eigenvalues = [304, 64, 16, -32, 16, 16, -16, -16, -8, 16, 4]
 multiplicity = [1, 1, 25, 25, 25, 25, 81, 81, 100, 100, 256] 
 Blocks = []
 
----------------------------------------------------------------------------- 
----------------------------------------------------------------------------- 
 	 No 6
 group = S5
 Size = 120
 Domain = {0, 1, 2, 3, 4, 5, 6, 7, 8, 9, 10, 11, 12, 13, 14} 
 EKR True
 eigenvalues = [64, 24, 4, -6, 0, -8, 4]
 multiplicity = [1, 1, 16, 16, 25, 25, 36] 
 Blocks = [[0, 9, 10]]
 
----------------------------------------------------------------------------- 
----------------------------------------------------------------------------- 
 	 No 7
 group = (C2 x C2 x C2) : C4
 Size = 32
 Domain = {0, 1, 2, 3, 4, 5, 6, 7, 8, 9, 10, 11, 12, 13, 14, 15} 
 EKR True
 eigenvalues = [29, -3, -3, -3, 1, 1, 1, 1, -3, 1, -1]
 multiplicity = [1, 1, 1, 1, 1, 1, 1, 1, 4, 4, 16] 
 Blocks = [[0, 1, 2, 5], [0, 1, 2, 3, 5, 6, 7, 14], [0, 3], [0, 3, 4, 5, 10, 11, 14, 15], [0, 3, 5, 14], [0, 3, 5, 8, 9, 12, 13, 14], [0, 4], [0, 4, 5, 15], [0, 5], [0, 5, 6, 7], [0, 5, 10, 11], [0, 14], [0, 15]]
 
----------------------------------------------------------------------------- 
----------------------------------------------------------------------------- 
 	 No 8
 group = (C2 x C2 x C2) : C4
 Size = 32
 Domain = {0, 1, 2, 3, 4, 5, 6, 7, 8, 9, 10, 11, 12, 13, 14, 15} 
 EKR True
 eigenvalues = [29, -3, -3, -3, 1, 1, 1, 1, -3, 1, -1]
 multiplicity = [1, 1, 1, 1, 1, 1, 1, 1, 4, 4, 16] 
 Blocks = [[0, 1], [0, 1, 2, 3], [0, 1, 2, 3, 4, 6, 7, 8], [0, 1, 4, 8], [0, 1, 4, 5, 8, 9, 12, 13], [0, 1, 4, 8, 10, 11, 14, 15], [0, 1, 5, 9], [0, 1, 6, 7], [0, 1, 12, 13], [0, 4], [0, 5], [0, 8], [0, 9]]
 
----------------------------------------------------------------------------- 
----------------------------------------------------------------------------- 
 	 No 9
 group = (C2 x C2 x C2) : C4
 Size = 32
 Domain = {0, 1, 2, 3, 4, 5, 6, 7, 8, 9, 10, 11, 12, 13, 14, 15} 
 EKR True
 eigenvalues = [29, -3, -3, -3, 1, 1, 1, 1, -3, 1, -1]
 multiplicity = [1, 1, 1, 1, 1, 1, 1, 1, 4, 4, 16] 
 Blocks = [[0, 1], [0, 1, 2, 3, 4, 7, 12, 13], [0, 1, 5, 6, 7, 12, 14, 15], [0, 1, 7, 12], [0, 1, 7, 8, 9, 10, 11, 12], [0, 2], [0, 2, 7, 13], [0, 3, 4, 7], [0, 5, 6, 7], [0, 7], [0, 7, 14, 15], [0, 12], [0, 13]]
 
----------------------------------------------------------------------------- 
----------------------------------------------------------------------------- 
 	 No 10
 group = (C2 x C2 x C2) : C4
 Size = 32
 Domain = {0, 1, 2, 3, 4, 5, 6, 7, 8, 9, 10, 11, 12, 13, 14, 15} 
 EKR True
 eigenvalues = [29, -3, -3, -3, 1, 1, 1, 1, -3, 1, -1]
 multiplicity = [1, 1, 1, 1, 1, 1, 1, 1, 4, 4, 16] 
 Blocks = [[0, 1], [0, 1, 2, 3], [0, 1, 2, 3, 4, 5, 8, 9], [0, 1, 4, 8], [0, 1, 4, 6, 7, 8, 14, 15], [0, 1, 4, 8, 10, 11, 12, 13], [0, 1, 5, 9], [0, 1, 6, 7], [0, 1, 14, 15], [0, 4], [0, 5], [0, 8], [0, 9]]
 
----------------------------------------------------------------------------- 
----------------------------------------------------------------------------- 
 	 No 11
 group = (C2 x C2 x C2) : C4
 Size = 32
 Domain = {0, 1, 2, 3, 4, 5, 6, 7, 8, 9, 10, 11, 12, 13, 14, 15} 
 EKR True
 eigenvalues = [29, -3, -3, -3, 1, 1, 1, 1, -3, 1, -1]
 multiplicity = [1, 1, 1, 1, 1, 1, 1, 1, 4, 4, 16] 
 Blocks = [[0, 1], [0, 1, 2, 9, 10, 11, 12, 13], [0, 1, 9, 12], [0, 2], [0, 2, 3, 4, 5, 6, 9, 13], [0, 2, 7, 8, 9, 13, 14, 15], [0, 2, 9, 13], [0, 7, 8, 9], [0, 9], [0, 9, 10, 11], [0, 9, 14, 15], [0, 12], [0, 13]]
 
----------------------------------------------------------------------------- 
----------------------------------------------------------------------------- 
 	 No 12
 group = (C2 x C2 x C2) : C4
 Size = 32
 Domain = {0, 1, 2, 3, 4, 5, 6, 7, 8, 9, 10, 11, 12, 13, 14, 15} 
 EKR True
 eigenvalues = [29, -3, -3, -3, 1, 1, 1, 1, -3, 1, -1]
 multiplicity = [1, 1, 1, 1, 1, 1, 1, 1, 4, 4, 16] 
 Blocks = [[0, 1], [0, 1, 2, 3, 4, 5, 7, 11], [0, 1, 6, 10], [0, 1, 6, 7, 10, 11, 12, 13], [0, 1, 7, 11], [0, 1, 7, 8, 9, 11, 14, 15], [0, 1, 8, 9], [0, 1, 12, 13], [0, 1, 14, 15], [0, 6], [0, 7], [0, 10], [0, 11]]
 
----------------------------------------------------------------------------- 
----------------------------------------------------------------------------- 
 	 No 13
 group = (C2 x C2 x C2) : C4
 Size = 32
 Domain = {0, 1, 2, 3, 4, 5, 6, 7, 8, 9, 10, 11, 12, 13, 14, 15} 
 EKR True
 eigenvalues = [29, -3, -3, -3, 1, 1, 1, 1, -3, 1, -1]
 multiplicity = [1, 1, 1, 1, 1, 1, 1, 1, 4, 4, 16] 
 Blocks = [[0, 1], [0, 1, 4, 5, 6, 13, 14, 15], [0, 1, 13, 14], [0, 2, 3, 13], [0, 2, 3, 4, 11, 12, 13, 15], [0, 4], [0, 4, 7, 8, 9, 10, 13, 15], [0, 4, 13, 15], [0, 5, 6, 13], [0, 11, 12, 13], [0, 13], [0, 14], [0, 15]]
 
----------------------------------------------------------------------------- 
----------------------------------------------------------------------------- 
 	 No 14
 group = (C2 x C2 x C2) : C4
 Size = 32
 Domain = {0, 1, 2, 3, 4, 5, 6, 7, 8, 9, 10, 11, 12, 13, 14, 15} 
 EKR True
 eigenvalues = [29, -3, -3, -3, 1, 1, 1, 1, -3, 1, -1]
 multiplicity = [1, 1, 1, 1, 1, 1, 1, 1, 4, 4, 16] 
 Blocks = [[0, 1, 2, 3], [0, 1, 2, 3, 11, 13, 14, 15], [0, 3], [0, 3, 4, 5, 8, 9, 11, 13], [0, 3, 6, 7], [0, 3, 6, 7, 10, 11, 12, 13], [0, 3, 10, 12], [0, 3, 11, 13], [0, 3, 14, 15], [0, 10], [0, 11], [0, 12], [0, 13]]
 
----------------------------------------------------------------------------- 
----------------------------------------------------------------------------- 
 	 No 15
 group = (C3 x C3) : QD16
 Size = 144
 Domain = {0, 1, 2, 3, 4, 5, 6, 7, 8, 9, 10, 11, 12, 13, 14, 15, 16, 17} 
 EKR True
 eigenvalues = [104, -16, -16, -40, 8, 8, 8, 2, -4]
 multiplicity = [1, 1, 1, 1, 4, 4, 4, 64, 64] 
 Blocks = [[0, 1, 2, 3, 4, 6, 7, 8, 9], [0, 5]]
 
----------------------------------------------------------------------------- 
----------------------------------------------------------------------------- 
 	 No 16
 group = (C3 x C3) : C4
 Size = 36
 Domain = {0, 1, 2, 3, 4, 5, 6, 7, 8, 9, 10, 11, 12, 13, 14, 15, 16, 17} 
 EKR True
 eigenvalues = [26, -10, 8, 8, -1, -1]
 multiplicity = [1, 1, 1, 1, 16, 16] 
 Blocks = [[0, 5, 6], [0, 5, 6, 7, 8, 13, 14, 16, 17], [0, 7, 8], [0, 13, 14], [0, 15], [0, 16, 17]]
 
----------------------------------------------------------------------------- 
----------------------------------------------------------------------------- 
 	 No 17
 group = (C3 x C3) : C4
 Size = 36
 Domain = {0, 1, 2, 3, 4, 5, 6, 7, 8, 9, 10, 11, 12, 13, 14, 15, 16, 17} 
 EKR True
 